  0.120002D+03  0.215598D+00  0.679701D-01
  0.120057D+03  0.217124D+00  0.684635D-01
  0.120111D+03  0.218666D+00  0.689624D-01
  0.120165D+03  0.220226D+00  0.694668D-01
  0.120220D+03  0.221803D+00  0.699769D-01
  0.120274D+03  0.223398D+00  0.704927D-01
  0.120328D+03  0.225010D+00  0.710143D-01
  0.120383D+03  0.226641D+00  0.715419D-01
  0.120437D+03  0.228290D+00  0.720754D-01
  0.120492D+03  0.229957D+00  0.726150D-01
  0.120546D+03  0.231644D+00  0.731608D-01
  0.120600D+03  0.233350D+00  0.737129D-01
  0.120655D+03  0.235075D+00  0.742713D-01
  0.120709D+03  0.236820D+00  0.748362D-01
  0.120763D+03  0.238585D+00  0.754077D-01
  0.120818D+03  0.240371D+00  0.759859D-01
  0.120872D+03  0.242178D+00  0.765708D-01
  0.120926D+03  0.244006D+00  0.771627D-01
  0.120981D+03  0.245855D+00  0.777615D-01
  0.121035D+03  0.247726D+00  0.783675D-01
  0.121089D+03  0.249619D+00  0.789806D-01
  0.121144D+03  0.251534D+00  0.796011D-01
  0.121198D+03  0.253472D+00  0.802291D-01
  0.121252D+03  0.255434D+00  0.808646D-01
  0.121307D+03  0.257419D+00  0.815079D-01
  0.121361D+03  0.259428D+00  0.821589D-01
  0.121415D+03  0.261462D+00  0.828179D-01
  0.121470D+03  0.263520D+00  0.834850D-01
  0.121524D+03  0.265603D+00  0.841603D-01
  0.121578D+03  0.267712D+00  0.848440D-01
  0.121633D+03  0.269847D+00  0.855362D-01
  0.121687D+03  0.272008D+00  0.862369D-01
  0.121742D+03  0.274197D+00  0.869465D-01
  0.121796D+03  0.276412D+00  0.876650D-01
  0.121850D+03  0.278655D+00  0.883925D-01
  0.121905D+03  0.280927D+00  0.891293D-01
  0.121959D+03  0.283227D+00  0.898755D-01
  0.122013D+03  0.285557D+00  0.906312D-01
  0.122068D+03  0.287916D+00  0.913966D-01
  0.122122D+03  0.290305D+00  0.921719D-01
  0.122176D+03  0.292726D+00  0.929573D-01
  0.122231D+03  0.295177D+00  0.937529D-01
  0.122285D+03  0.297661D+00  0.945588D-01
  0.122339D+03  0.300176D+00  0.953754D-01
  0.122394D+03  0.302725D+00  0.962028D-01
  0.122448D+03  0.305307D+00  0.970411D-01
  0.122502D+03  0.307923D+00  0.978905D-01
  0.122557D+03  0.310574D+00  0.987513D-01
  0.122611D+03  0.313261D+00  0.996237D-01
  0.122665D+03  0.315983D+00  0.100508D+00
  0.122720D+03  0.318742D+00  0.101404D+00
  0.122774D+03  0.321539D+00  0.102312D+00
  0.122829D+03  0.324373D+00  0.103233D+00
  0.122883D+03  0.327246D+00  0.104166D+00
  0.122937D+03  0.330158D+00  0.105113D+00
  0.122992D+03  0.333111D+00  0.106072D+00
  0.123046D+03  0.336104D+00  0.107045D+00
  0.123100D+03  0.339139D+00  0.108031D+00
  0.123155D+03  0.342217D+00  0.109032D+00
  0.123209D+03  0.345337D+00  0.110046D+00
  0.123263D+03  0.348502D+00  0.111075D+00
  0.123318D+03  0.351711D+00  0.112118D+00
  0.123372D+03  0.354966D+00  0.113177D+00
  0.123426D+03  0.358268D+00  0.114250D+00
  0.123481D+03  0.361617D+00  0.115339D+00
  0.123535D+03  0.365015D+00  0.116444D+00
  0.123589D+03  0.368462D+00  0.117566D+00
  0.123644D+03  0.371959D+00  0.118703D+00
  0.123698D+03  0.375507D+00  0.119858D+00
  0.123752D+03  0.379108D+00  0.121029D+00
  0.123807D+03  0.382762D+00  0.122218D+00
  0.123861D+03  0.386470D+00  0.123425D+00
  0.123915D+03  0.390234D+00  0.124650D+00
  0.123970D+03  0.394055D+00  0.125893D+00
  0.124024D+03  0.397933D+00  0.127156D+00
  0.124079D+03  0.401870D+00  0.128437D+00
  0.124133D+03  0.405867D+00  0.129739D+00
  0.124187D+03  0.409926D+00  0.131060D+00
  0.124242D+03  0.414047D+00  0.132402D+00
  0.124296D+03  0.418231D+00  0.133765D+00
  0.124350D+03  0.422482D+00  0.135149D+00
  0.124405D+03  0.426798D+00  0.136555D+00
  0.124459D+03  0.431183D+00  0.137984D+00
  0.124513D+03  0.435637D+00  0.139435D+00
  0.124568D+03  0.440162D+00  0.140909D+00
  0.124622D+03  0.444759D+00  0.142407D+00
  0.124676D+03  0.449430D+00  0.143929D+00
  0.124731D+03  0.454177D+00  0.145476D+00
  0.124785D+03  0.459001D+00  0.147048D+00
  0.124839D+03  0.463904D+00  0.148646D+00
  0.124894D+03  0.468887D+00  0.150271D+00
  0.124948D+03  0.473953D+00  0.151923D+00
  0.125002D+03  0.479103D+00  0.153602D+00
  0.125057D+03  0.484339D+00  0.155309D+00
  0.125111D+03  0.489663D+00  0.157045D+00
  0.125166D+03  0.495077D+00  0.158811D+00
  0.125220D+03  0.500582D+00  0.160607D+00
  0.125274D+03  0.506182D+00  0.162434D+00
  0.125329D+03  0.511878D+00  0.164292D+00
  0.125383D+03  0.517673D+00  0.166182D+00
  0.125437D+03  0.523568D+00  0.168106D+00
  0.125492D+03  0.529567D+00  0.170063D+00
  0.125546D+03  0.535670D+00  0.172055D+00
  0.125600D+03  0.541882D+00  0.174083D+00
  0.125655D+03  0.548204D+00  0.176147D+00
  0.125709D+03  0.554640D+00  0.178247D+00
  0.125763D+03  0.561191D+00  0.180386D+00
  0.125818D+03  0.567861D+00  0.182564D+00
  0.125872D+03  0.574652D+00  0.184782D+00
  0.125926D+03  0.581567D+00  0.187040D+00
  0.125981D+03  0.588611D+00  0.189340D+00
  0.126035D+03  0.595784D+00  0.191684D+00
  0.126089D+03  0.603092D+00  0.194071D+00
  0.126144D+03  0.610537D+00  0.196503D+00
  0.126198D+03  0.618122D+00  0.198981D+00
  0.126252D+03  0.625852D+00  0.201507D+00
  0.126307D+03  0.633729D+00  0.204081D+00
  0.126361D+03  0.641758D+00  0.206705D+00
  0.126416D+03  0.649942D+00  0.209380D+00
  0.126470D+03  0.658286D+00  0.212108D+00
  0.126524D+03  0.666793D+00  0.214889D+00
  0.126579D+03  0.675469D+00  0.217725D+00
  0.126633D+03  0.684316D+00  0.220618D+00
  0.126687D+03  0.693341D+00  0.223569D+00
  0.126742D+03  0.702547D+00  0.226580D+00
  0.126796D+03  0.711939D+00  0.229652D+00
  0.126850D+03  0.721523D+00  0.232786D+00
  0.126905D+03  0.731303D+00  0.235986D+00
  0.126959D+03  0.741286D+00  0.239252D+00
  0.127013D+03  0.751476D+00  0.242586D+00
  0.127068D+03  0.761879D+00  0.245990D+00
  0.127122D+03  0.772502D+00  0.249466D+00
  0.127176D+03  0.783350D+00  0.253017D+00
  0.127231D+03  0.794429D+00  0.256643D+00
  0.127285D+03  0.805747D+00  0.260348D+00
  0.127339D+03  0.817309D+00  0.264133D+00
  0.127394D+03  0.829124D+00  0.268002D+00
  0.127448D+03  0.841199D+00  0.271955D+00
  0.127503D+03  0.853540D+00  0.275997D+00
  0.127557D+03  0.866156D+00  0.280129D+00
  0.127611D+03  0.879055D+00  0.284353D+00
  0.127666D+03  0.892244D+00  0.288674D+00
  0.127720D+03  0.905735D+00  0.293093D+00
  0.127774D+03  0.919533D+00  0.297614D+00
  0.127829D+03  0.933651D+00  0.302240D+00
  0.127883D+03  0.948096D+00  0.306974D+00
  0.127937D+03  0.962879D+00  0.311819D+00
  0.127992D+03  0.978012D+00  0.316779D+00
  0.128046D+03  0.993503D+00  0.321857D+00
  0.128100D+03  0.100937D+01  0.327057D+00
  0.128155D+03  0.102561D+01  0.332382D+00
  0.128209D+03  0.104225D+01  0.337838D+00
  0.128263D+03  0.105930D+01  0.343428D+00
  0.128318D+03  0.107676D+01  0.349157D+00
  0.128372D+03  0.109466D+01  0.355028D+00
  0.128426D+03  0.111301D+01  0.361047D+00
  0.128481D+03  0.113182D+01  0.367218D+00
  0.128535D+03  0.115111D+01  0.373547D+00
  0.128589D+03  0.117090D+01  0.380038D+00
  0.128644D+03  0.119119D+01  0.386698D+00
  0.128698D+03  0.121202D+01  0.393532D+00
  0.128753D+03  0.123339D+01  0.400546D+00
  0.128807D+03  0.125532D+01  0.407747D+00
  0.128861D+03  0.127784D+01  0.415139D+00
  0.128916D+03  0.130097D+01  0.422732D+00
  0.128970D+03  0.132472D+01  0.430531D+00
  0.129024D+03  0.134912D+01  0.438543D+00
  0.129079D+03  0.137419D+01  0.446777D+00
  0.129133D+03  0.139996D+01  0.455240D+00
  0.129187D+03  0.142645D+01  0.463942D+00
  0.129242D+03  0.145369D+01  0.472889D+00
  0.129296D+03  0.148170D+01  0.482092D+00
  0.129350D+03  0.151051D+01  0.491560D+00
  0.129405D+03  0.154016D+01  0.501303D+00
  0.129459D+03  0.157068D+01  0.511331D+00
  0.129513D+03  0.160209D+01  0.521656D+00
  0.129568D+03  0.163443D+01  0.532288D+00
  0.129622D+03  0.166774D+01  0.543239D+00
  0.129676D+03  0.170206D+01  0.554521D+00
  0.129731D+03  0.173742D+01  0.566149D+00
  0.129785D+03  0.177387D+01  0.578134D+00
  0.129840D+03  0.181144D+01  0.590492D+00
  0.129894D+03  0.185019D+01  0.603237D+00
  0.129948D+03  0.189016D+01  0.616385D+00
  0.130003D+03  0.193140D+01  0.629953D+00
  0.130057D+03  0.197396D+01  0.643957D+00
  0.130111D+03  0.201790D+01  0.658415D+00
  0.130166D+03  0.206327D+01  0.673346D+00
  0.130220D+03  0.211013D+01  0.688770D+00
  0.130274D+03  0.215855D+01  0.704708D+00
  0.130329D+03  0.220859D+01  0.721181D+00
  0.130383D+03  0.226032D+01  0.738213D+00
  0.130437D+03  0.231381D+01  0.755826D+00
  0.130492D+03  0.236915D+01  0.774047D+00
  0.130546D+03  0.242639D+01  0.792902D+00
  0.130600D+03  0.248564D+01  0.812417D+00
  0.130655D+03  0.254698D+01  0.832624D+00
  0.130709D+03  0.261051D+01  0.853551D+00
  0.130763D+03  0.267631D+01  0.875232D+00
  0.130818D+03  0.274449D+01  0.897699D+00
  0.130872D+03  0.281516D+01  0.920989D+00
  0.130926D+03  0.288843D+01  0.945139D+00
  0.130981D+03  0.296441D+01  0.970187D+00
  0.131035D+03  0.304324D+01  0.996175D+00
  0.131090D+03  0.312504D+01  0.102315D+01
  0.131144D+03  0.320995D+01  0.105114D+01
  0.131198D+03  0.329811D+01  0.108022D+01
  0.131253D+03  0.338967D+01  0.111042D+01
  0.131307D+03  0.348479D+01  0.114180D+01
  0.131361D+03  0.358364D+01  0.117441D+01
  0.131416D+03  0.368638D+01  0.120831D+01
  0.131470D+03  0.379320D+01  0.124356D+01
  0.131524D+03  0.390429D+01  0.128022D+01
  0.131579D+03  0.401984D+01  0.131836D+01
  0.131633D+03  0.414007D+01  0.135805D+01
  0.131687D+03  0.426519D+01  0.139936D+01
  0.131742D+03  0.439542D+01  0.144236D+01
  0.131796D+03  0.453099D+01  0.148713D+01
  0.131850D+03  0.467215D+01  0.153375D+01
  0.131905D+03  0.481915D+01  0.158231D+01
  0.131959D+03  0.497224D+01  0.163289D+01
  0.132013D+03  0.513170D+01  0.168558D+01
  0.132068D+03  0.529779D+01  0.174046D+01
  0.132122D+03  0.547080D+01  0.179764D+01
  0.132177D+03  0.565100D+01  0.185721D+01
  0.132231D+03  0.583868D+01  0.191926D+01
  0.132285D+03  0.603414D+01  0.198389D+01
  0.132340D+03  0.623765D+01  0.205119D+01
  0.132394D+03  0.644950D+01  0.212126D+01
  0.132448D+03  0.666996D+01  0.219419D+01
  0.132503D+03  0.689930D+01  0.227006D+01
  0.132557D+03  0.713776D+01  0.234897D+01
  0.132611D+03  0.738556D+01  0.243098D+01
  0.132666D+03  0.764289D+01  0.251617D+01
  0.132720D+03  0.790993D+01  0.260458D+01
  0.132774D+03  0.818677D+01  0.269625D+01
  0.132829D+03  0.847347D+01  0.279121D+01
  0.132883D+03  0.877003D+01  0.288945D+01
  0.132937D+03  0.907635D+01  0.299095D+01
  0.132992D+03  0.939226D+01  0.309564D+01
  0.133046D+03  0.971746D+01  0.320344D+01
  0.133100D+03  0.100515D+02  0.331421D+01
  0.133155D+03  0.103940D+02  0.342777D+01
  0.133209D+03  0.107440D+02  0.354388D+01
  0.133263D+03  0.111008D+02  0.366226D+01
  0.133318D+03  0.114632D+02  0.378256D+01
  0.133372D+03  0.118300D+02  0.390434D+01
  0.133427D+03  0.121997D+02  0.402712D+01
  0.133481D+03  0.125705D+02  0.415032D+01
  0.133535D+03  0.129404D+02  0.427329D+01
  0.133590D+03  0.133073D+02  0.439529D+01
  0.133644D+03  0.136687D+02  0.451553D+01
  0.133698D+03  0.140220D+02  0.463312D+01
  0.133753D+03  0.143642D+02  0.474711D+01
  0.133807D+03  0.146925D+02  0.485652D+01
  0.133861D+03  0.150035D+02  0.496030D+01
  0.133916D+03  0.152943D+02  0.505740D+01
  0.133970D+03  0.155616D+02  0.514677D+01
  0.134024D+03  0.158023D+02  0.522738D+01
  0.134079D+03  0.160135D+02  0.529827D+01
  0.134133D+03  0.161925D+02  0.535853D+01
  0.134187D+03  0.163370D+02  0.540738D+01
  0.134242D+03  0.164450D+02  0.544416D+01
  0.134296D+03  0.165149D+02  0.546837D+01
  0.134350D+03  0.165459D+02  0.547968D+01
  0.134405D+03  0.165374D+02  0.547792D+01
  0.134459D+03  0.164896D+02  0.546314D+01
  0.134514D+03  0.164031D+02  0.543555D+01
  0.134568D+03  0.162793D+02  0.539554D+01
  0.134622D+03  0.161197D+02  0.534369D+01
  0.134677D+03  0.159266D+02  0.528069D+01
  0.134731D+03  0.157024D+02  0.520736D+01
  0.134785D+03  0.154500D+02  0.512465D+01
  0.134840D+03  0.151723D+02  0.503352D+01
  0.134894D+03  0.148726D+02  0.493503D+01
  0.134948D+03  0.145539D+02  0.483021D+01
  0.135003D+03  0.142195D+02  0.472013D+01
  0.135057D+03  0.138723D+02  0.460579D+01
  0.135111D+03  0.135155D+02  0.448817D+01
  0.135166D+03  0.131516D+02  0.436820D+01
  0.135220D+03  0.127834D+02  0.424672D+01
  0.135274D+03  0.124132D+02  0.412451D+01
  0.135329D+03  0.120430D+02  0.400228D+01
  0.135383D+03  0.116747D+02  0.388064D+01
  0.135437D+03  0.113100D+02  0.376014D+01
  0.135492D+03  0.109502D+02  0.364125D+01
  0.135546D+03  0.105967D+02  0.352436D+01
  0.135600D+03  0.102503D+02  0.340981D+01
  0.135655D+03  0.991183D+01  0.329786D+01
  0.135709D+03  0.958198D+01  0.318873D+01
  0.135764D+03  0.926123D+01  0.308259D+01
  0.135818D+03  0.894993D+01  0.297955D+01
  0.135872D+03  0.864832D+01  0.287970D+01
  0.135927D+03  0.835653D+01  0.278308D+01
  0.135981D+03  0.807462D+01  0.268971D+01
  0.136035D+03  0.780256D+01  0.259959D+01
  0.136090D+03  0.754029D+01  0.251269D+01
  0.136144D+03  0.728765D+01  0.242898D+01
  0.136198D+03  0.704448D+01  0.234839D+01
  0.136253D+03  0.681057D+01  0.227085D+01
  0.136307D+03  0.658568D+01  0.219629D+01
  0.136361D+03  0.636957D+01  0.212463D+01
  0.136416D+03  0.616195D+01  0.205578D+01
  0.136470D+03  0.596256D+01  0.198964D+01
  0.136524D+03  0.577110D+01  0.192613D+01
  0.136579D+03  0.558730D+01  0.186515D+01
  0.136633D+03  0.541086D+01  0.180660D+01
  0.136687D+03  0.524150D+01  0.175039D+01
  0.136742D+03  0.507894D+01  0.169643D+01
  0.136796D+03  0.492289D+01  0.164463D+01
  0.136851D+03  0.477310D+01  0.159490D+01
  0.136905D+03  0.462929D+01  0.154715D+01
  0.136959D+03  0.449122D+01  0.150130D+01
  0.137014D+03  0.435863D+01  0.145726D+01
  0.137068D+03  0.423128D+01  0.141496D+01
  0.137122D+03  0.410896D+01  0.137432D+01
  0.137177D+03  0.399143D+01  0.133527D+01
  0.137231D+03  0.387848D+01  0.129774D+01
  0.137285D+03  0.376992D+01  0.126166D+01
  0.137340D+03  0.366555D+01  0.122697D+01
  0.137394D+03  0.356518D+01  0.119360D+01
  0.137448D+03  0.346863D+01  0.116151D+01
  0.137503D+03  0.337574D+01  0.113062D+01
  0.137557D+03  0.328634D+01  0.110089D+01
  0.137611D+03  0.320028D+01  0.107227D+01
  0.137666D+03  0.311741D+01  0.104471D+01
  0.137720D+03  0.303759D+01  0.101816D+01
  0.137774D+03  0.296068D+01  0.992578D+00
  0.137829D+03  0.288657D+01  0.967920D+00
  0.137883D+03  0.281513D+01  0.944149D+00
  0.137937D+03  0.274624D+01  0.921224D+00
  0.137992D+03  0.267979D+01  0.899110D+00
  0.138046D+03  0.261568D+01  0.877773D+00
  0.138101D+03  0.255382D+01  0.857178D+00
  0.138155D+03  0.249409D+01  0.837296D+00
  0.138209D+03  0.243642D+01  0.818095D+00
  0.138264D+03  0.238072D+01  0.799548D+00
  0.138318D+03  0.232690D+01  0.781627D+00
  0.138372D+03  0.227489D+01  0.764306D+00
  0.138427D+03  0.222462D+01  0.747562D+00
  0.138481D+03  0.217600D+01  0.731369D+00
  0.138535D+03  0.212899D+01  0.715707D+00
  0.138590D+03  0.208350D+01  0.700553D+00
  0.138644D+03  0.203949D+01  0.685888D+00
  0.138698D+03  0.199688D+01  0.671692D+00
  0.138753D+03  0.195564D+01  0.657946D+00
  0.138807D+03  0.191569D+01  0.644633D+00
  0.138861D+03  0.187700D+01  0.631737D+00
  0.138916D+03  0.183951D+01  0.619241D+00
  0.138970D+03  0.180318D+01  0.607129D+00
  0.139024D+03  0.176796D+01  0.595388D+00
  0.139079D+03  0.173381D+01  0.584004D+00
  0.139133D+03  0.170070D+01  0.572962D+00
  0.139188D+03  0.166857D+01  0.562250D+00
  0.139242D+03  0.163741D+01  0.551857D+00
  0.139296D+03  0.160716D+01  0.541770D+00
  0.139351D+03  0.157781D+01  0.531979D+00
  0.139405D+03  0.154931D+01  0.522472D+00
  0.139459D+03  0.152163D+01  0.513240D+00
  0.139514D+03  0.149475D+01  0.504272D+00
  0.139568D+03  0.146864D+01  0.495560D+00
  0.139622D+03  0.144327D+01  0.487095D+00
  0.139677D+03  0.141861D+01  0.478868D+00
  0.139731D+03  0.139464D+01  0.470870D+00
  0.139785D+03  0.137134D+01  0.463095D+00
  0.139840D+03  0.134869D+01  0.455534D+00
  0.139894D+03  0.132665D+01  0.448180D+00
  0.139948D+03  0.130522D+01  0.441027D+00
  0.140003D+03  0.128437D+01  0.434068D+00
  0.140057D+03  0.126409D+01  0.427296D+00
  0.140111D+03  0.124435D+01  0.420706D+00
  0.140166D+03  0.122513D+01  0.414290D+00
  0.140220D+03  0.120642D+01  0.408045D+00
  0.140275D+03  0.118821D+01  0.401965D+00
  0.140329D+03  0.117048D+01  0.396043D+00
  0.140383D+03  0.115320D+01  0.390276D+00
  0.140438D+03  0.113638D+01  0.384659D+00
  0.140492D+03  0.111999D+01  0.379186D+00
  0.140546D+03  0.110402D+01  0.373854D+00
  0.140601D+03  0.108847D+01  0.368658D+00
  0.140655D+03  0.107330D+01  0.363594D+00
  0.140709D+03  0.105853D+01  0.358659D+00
  0.140764D+03  0.104412D+01  0.353848D+00
  0.140818D+03  0.103008D+01  0.349158D+00
  0.140872D+03  0.101639D+01  0.344586D+00
  0.140927D+03  0.100304D+01  0.340127D+00
  0.140981D+03  0.990019D+00  0.335779D+00
  0.141035D+03  0.977322D+00  0.331538D+00
  0.141090D+03  0.964939D+00  0.327402D+00
  0.141144D+03  0.952861D+00  0.323368D+00
  0.141198D+03  0.941078D+00  0.319433D+00
  0.141253D+03  0.929584D+00  0.315594D+00
  0.141307D+03  0.918369D+00  0.311848D+00
  0.141361D+03  0.907427D+00  0.308193D+00
  0.141416D+03  0.896750D+00  0.304627D+00
  0.141470D+03  0.886331D+00  0.301148D+00
  0.141525D+03  0.876164D+00  0.297752D+00
  0.141579D+03  0.866241D+00  0.294439D+00
  0.141633D+03  0.856557D+00  0.291205D+00
  0.141688D+03  0.847106D+00  0.288049D+00
  0.141742D+03  0.837881D+00  0.284969D+00
  0.141796D+03  0.828877D+00  0.281962D+00
  0.141851D+03  0.820089D+00  0.279028D+00
  0.141905D+03  0.811511D+00  0.276164D+00
  0.141959D+03  0.803138D+00  0.273369D+00
  0.142014D+03  0.794965D+00  0.270641D+00
  0.142068D+03  0.786988D+00  0.267979D+00
  0.142122D+03  0.779201D+00  0.265380D+00
  0.142177D+03  0.771601D+00  0.262844D+00
  0.142231D+03  0.764183D+00  0.260369D+00
  0.142285D+03  0.756944D+00  0.257953D+00
  0.142340D+03  0.749878D+00  0.255596D+00
  0.142394D+03  0.742982D+00  0.253296D+00
  0.142448D+03  0.736252D+00  0.251052D+00
  0.142503D+03  0.729686D+00  0.248862D+00
  0.142557D+03  0.723278D+00  0.246726D+00
  0.142612D+03  0.717027D+00  0.244642D+00
  0.142666D+03  0.710928D+00  0.242610D+00
  0.142720D+03  0.704979D+00  0.240627D+00
  0.142775D+03  0.699176D+00  0.238694D+00
  0.142829D+03  0.693517D+00  0.236809D+00
  0.142883D+03  0.687999D+00  0.234972D+00
  0.142938D+03  0.682618D+00  0.233181D+00
  0.142992D+03  0.677373D+00  0.231435D+00
  0.143046D+03  0.672261D+00  0.229734D+00
  0.143101D+03  0.667279D+00  0.228077D+00
  0.143155D+03  0.662425D+00  0.226463D+00
  0.143209D+03  0.657696D+00  0.224892D+00
  0.143264D+03  0.653091D+00  0.223362D+00
  0.143318D+03  0.648607D+00  0.221872D+00
  0.143372D+03  0.644243D+00  0.220423D+00
  0.143427D+03  0.639995D+00  0.219014D+00
  0.143481D+03  0.635863D+00  0.217643D+00
  0.143535D+03  0.631844D+00  0.216311D+00
  0.143590D+03  0.627937D+00  0.215016D+00
  0.143644D+03  0.624140D+00  0.213759D+00
  0.143698D+03  0.620451D+00  0.212538D+00
  0.143753D+03  0.616869D+00  0.211353D+00
  0.143807D+03  0.613392D+00  0.210204D+00
  0.143862D+03  0.610019D+00  0.209089D+00
  0.143916D+03  0.606747D+00  0.208010D+00
  0.143970D+03  0.603577D+00  0.206964D+00
  0.144025D+03  0.600507D+00  0.205953D+00
  0.144079D+03  0.597534D+00  0.204974D+00
  0.144133D+03  0.594659D+00  0.204029D+00
  0.144188D+03  0.591880D+00  0.203116D+00
  0.144242D+03  0.589196D+00  0.202235D+00
  0.144296D+03  0.586606D+00  0.201387D+00
  0.144351D+03  0.584108D+00  0.200569D+00
  0.144405D+03  0.581703D+00  0.199783D+00
  0.144459D+03  0.579388D+00  0.199028D+00
  0.144514D+03  0.577164D+00  0.198304D+00
  0.144568D+03  0.575029D+00  0.197610D+00
  0.144622D+03  0.572983D+00  0.196947D+00
  0.144677D+03  0.571025D+00  0.196313D+00
  0.144731D+03  0.569154D+00  0.195709D+00
  0.144785D+03  0.567369D+00  0.195134D+00
  0.144840D+03  0.565671D+00  0.194589D+00
  0.144894D+03  0.564058D+00  0.194073D+00
  0.144949D+03  0.562530D+00  0.193586D+00
  0.145003D+03  0.561086D+00  0.193128D+00
  0.145057D+03  0.559727D+00  0.192699D+00
  0.145112D+03  0.558451D+00  0.192299D+00
  0.145166D+03  0.557259D+00  0.191927D+00
  0.145220D+03  0.556150D+00  0.191583D+00
  0.145275D+03  0.555123D+00  0.191268D+00
  0.145329D+03  0.554180D+00  0.190981D+00
  0.145383D+03  0.553318D+00  0.190723D+00
  0.145438D+03  0.552539D+00  0.190493D+00
  0.145492D+03  0.551843D+00  0.190291D+00
  0.145546D+03  0.551228D+00  0.190117D+00
  0.145601D+03  0.550696D+00  0.189971D+00
  0.145655D+03  0.550245D+00  0.189854D+00
  0.145709D+03  0.549877D+00  0.189766D+00
  0.145764D+03  0.549592D+00  0.189705D+00
  0.145818D+03  0.549388D+00  0.189673D+00
  0.145872D+03  0.549268D+00  0.189670D+00
  0.145927D+03  0.549230D+00  0.189695D+00
  0.145981D+03  0.549276D+00  0.189749D+00
  0.146035D+03  0.549405D+00  0.189832D+00
  0.146090D+03  0.549618D+00  0.189943D+00
  0.146144D+03  0.549915D+00  0.190084D+00
  0.146199D+03  0.550297D+00  0.190255D+00
  0.146253D+03  0.550764D+00  0.190455D+00
  0.146307D+03  0.551317D+00  0.190684D+00
  0.146362D+03  0.551956D+00  0.190944D+00
  0.146416D+03  0.552682D+00  0.191233D+00
  0.146470D+03  0.553495D+00  0.191554D+00
  0.146525D+03  0.554397D+00  0.191904D+00
  0.146579D+03  0.555388D+00  0.192286D+00
  0.146633D+03  0.556469D+00  0.192699D+00
  0.146688D+03  0.557641D+00  0.193144D+00
  0.146742D+03  0.558904D+00  0.193621D+00
  0.146796D+03  0.560261D+00  0.194130D+00
  0.146851D+03  0.561711D+00  0.194671D+00
  0.146905D+03  0.563255D+00  0.195246D+00
  0.146959D+03  0.564896D+00  0.195855D+00
  0.147014D+03  0.566634D+00  0.196497D+00
  0.147068D+03  0.568470D+00  0.197173D+00
  0.147122D+03  0.570406D+00  0.197885D+00
  0.147177D+03  0.572444D+00  0.198632D+00
  0.147231D+03  0.574584D+00  0.199415D+00
  0.147286D+03  0.576828D+00  0.200234D+00
  0.147340D+03  0.579178D+00  0.201090D+00
  0.147394D+03  0.581635D+00  0.201984D+00
  0.147449D+03  0.584201D+00  0.202916D+00
  0.147503D+03  0.586879D+00  0.203888D+00
  0.147557D+03  0.589669D+00  0.204898D+00
  0.147612D+03  0.592574D+00  0.205950D+00
  0.147666D+03  0.595596D+00  0.207042D+00
  0.147720D+03  0.598737D+00  0.208176D+00
  0.147775D+03  0.601999D+00  0.209352D+00
  0.147829D+03  0.605385D+00  0.210573D+00
  0.147883D+03  0.608898D+00  0.211837D+00
  0.147938D+03  0.612538D+00  0.213147D+00
  0.147992D+03  0.616310D+00  0.214503D+00
  0.148046D+03  0.620216D+00  0.215906D+00
  0.148101D+03  0.624258D+00  0.217357D+00
  0.148155D+03  0.628441D+00  0.218858D+00
  0.148209D+03  0.632766D+00  0.220408D+00
  0.148264D+03  0.637237D+00  0.222011D+00
  0.148318D+03  0.641858D+00  0.223666D+00
  0.148372D+03  0.646631D+00  0.225375D+00
  0.148427D+03  0.651561D+00  0.227139D+00
  0.148481D+03  0.656651D+00  0.228960D+00
  0.148536D+03  0.661905D+00  0.230839D+00
  0.148590D+03  0.667327D+00  0.232777D+00
  0.148644D+03  0.672922D+00  0.234776D+00
  0.148699D+03  0.678693D+00  0.236838D+00
  0.148753D+03  0.684646D+00  0.238964D+00
  0.148807D+03  0.690785D+00  0.241155D+00
  0.148862D+03  0.697114D+00  0.243414D+00
  0.148916D+03  0.703640D+00  0.245743D+00
  0.148970D+03  0.710368D+00  0.248143D+00
  0.149025D+03  0.717303D+00  0.250616D+00
  0.149079D+03  0.724450D+00  0.253165D+00
  0.149133D+03  0.731817D+00  0.255791D+00
  0.149188D+03  0.739409D+00  0.258497D+00
  0.149242D+03  0.747232D+00  0.261285D+00
  0.149296D+03  0.755294D+00  0.264158D+00
  0.149351D+03  0.763602D+00  0.267118D+00
  0.149405D+03  0.772164D+00  0.270167D+00
  0.149459D+03  0.780986D+00  0.273310D+00
  0.149514D+03  0.790077D+00  0.276547D+00
  0.149568D+03  0.799445D+00  0.279883D+00
  0.149623D+03  0.809100D+00  0.283321D+00
  0.149677D+03  0.819050D+00  0.286863D+00
  0.149731D+03  0.829305D+00  0.290514D+00
  0.149786D+03  0.839875D+00  0.294277D+00
  0.149840D+03  0.850770D+00  0.298155D+00
  0.149894D+03  0.862001D+00  0.302152D+00
  0.149949D+03  0.873580D+00  0.306273D+00
  0.150003D+03  0.885518D+00  0.310522D+00
  0.150057D+03  0.897828D+00  0.314902D+00
  0.150112D+03  0.910523D+00  0.319420D+00
  0.150166D+03  0.923616D+00  0.324079D+00
  0.150220D+03  0.937122D+00  0.328885D+00
  0.150275D+03  0.951055D+00  0.333843D+00
  0.150329D+03  0.965431D+00  0.338958D+00
  0.150383D+03  0.980266D+00  0.344237D+00
  0.150438D+03  0.995578D+00  0.349685D+00
  0.150492D+03  0.101138D+01  0.355309D+00
  0.150546D+03  0.102770D+01  0.361116D+00
  0.150601D+03  0.104456D+01  0.367112D+00
  0.150655D+03  0.106196D+01  0.373305D+00
  0.150709D+03  0.107994D+01  0.379703D+00
  0.150764D+03  0.109852D+01  0.386314D+00
  0.150818D+03  0.111772D+01  0.393146D+00
  0.150873D+03  0.113757D+01  0.400209D+00
  0.150927D+03  0.115809D+01  0.407511D+00
  0.150981D+03  0.117931D+01  0.415064D+00
  0.151036D+03  0.120126D+01  0.422876D+00
  0.151090D+03  0.122398D+01  0.430959D+00
  0.151144D+03  0.124748D+01  0.439326D+00
  0.151199D+03  0.127182D+01  0.447987D+00
  0.151253D+03  0.129702D+01  0.456956D+00
  0.151307D+03  0.132312D+01  0.466246D+00
  0.151362D+03  0.135016D+01  0.475872D+00
  0.151416D+03  0.137818D+01  0.485848D+00
  0.151470D+03  0.140723D+01  0.496191D+00
  0.151525D+03  0.143736D+01  0.506918D+00
  0.151579D+03  0.146861D+01  0.518046D+00
  0.151633D+03  0.150104D+01  0.529593D+00
  0.151688D+03  0.153471D+01  0.541580D+00
  0.151742D+03  0.156966D+01  0.554028D+00
  0.151796D+03  0.160597D+01  0.566960D+00
  0.151851D+03  0.164370D+01  0.580397D+00
  0.151905D+03  0.168291D+01  0.594367D+00
  0.151960D+03  0.172370D+01  0.608894D+00
  0.152014D+03  0.176612D+01  0.624008D+00
  0.152068D+03  0.181027D+01  0.639737D+00
  0.152123D+03  0.185623D+01  0.656114D+00
  0.152177D+03  0.190410D+01  0.673172D+00
  0.152231D+03  0.195398D+01  0.690947D+00
  0.152286D+03  0.200597D+01  0.709477D+00
  0.152340D+03  0.206019D+01  0.728802D+00
  0.152394D+03  0.211676D+01  0.748966D+00
  0.152449D+03  0.217579D+01  0.770013D+00
  0.152503D+03  0.223744D+01  0.791992D+00
  0.152557D+03  0.230185D+01  0.814957D+00
  0.152612D+03  0.236917D+01  0.838961D+00
  0.152666D+03  0.243955D+01  0.864064D+00
  0.152720D+03  0.251319D+01  0.890328D+00
  0.152775D+03  0.259027D+01  0.917822D+00
  0.152829D+03  0.267099D+01  0.946616D+00
  0.152883D+03  0.275555D+01  0.976787D+00
  0.152938D+03  0.284420D+01  0.100842D+01
  0.152992D+03  0.293717D+01  0.104159D+01
  0.153046D+03  0.303471D+01  0.107640D+01
  0.153101D+03  0.313712D+01  0.111296D+01
  0.153155D+03  0.324468D+01  0.115135D+01
  0.153210D+03  0.335771D+01  0.119170D+01
  0.153264D+03  0.347655D+01  0.123413D+01
  0.153318D+03  0.360156D+01  0.127877D+01
  0.153373D+03  0.373311D+01  0.132575D+01
  0.153427D+03  0.387163D+01  0.137523D+01
  0.153481D+03  0.401753D+01  0.142734D+01
  0.153536D+03  0.417129D+01  0.148227D+01
  0.153590D+03  0.433339D+01  0.154019D+01
  0.153644D+03  0.450435D+01  0.160128D+01
  0.153699D+03  0.468472D+01  0.166575D+01
  0.153753D+03  0.487507D+01  0.173379D+01
  0.153807D+03  0.507602D+01  0.180562D+01
  0.153862D+03  0.528820D+01  0.188148D+01
  0.153916D+03  0.551226D+01  0.196161D+01
  0.153970D+03  0.574890D+01  0.204623D+01
  0.154025D+03  0.599880D+01  0.213562D+01
  0.154079D+03  0.626270D+01  0.223003D+01
  0.154133D+03  0.654131D+01  0.232972D+01
  0.154188D+03  0.683534D+01  0.243494D+01
  0.154242D+03  0.714549D+01  0.254595D+01
  0.154297D+03  0.747241D+01  0.266297D+01
  0.154351D+03  0.781671D+01  0.278624D+01
  0.154405D+03  0.817888D+01  0.291594D+01
  0.154460D+03  0.855932D+01  0.305220D+01
  0.154514D+03  0.895826D+01  0.319511D+01
  0.154568D+03  0.937573D+01  0.334470D+01
  0.154623D+03  0.981151D+01  0.350088D+01
  0.154677D+03  0.102650D+02  0.366346D+01
  0.154731D+03  0.107354D+02  0.383210D+01
  0.154786D+03  0.112211D+02  0.400633D+01
  0.154840D+03  0.117204D+02  0.418544D+01
  0.154894D+03  0.122306D+02  0.436853D+01
  0.154949D+03  0.127485D+02  0.455445D+01
  0.155003D+03  0.132701D+02  0.474178D+01
  0.155057D+03  0.137907D+02  0.492882D+01
  0.155112D+03  0.143048D+02  0.511359D+01
  0.155166D+03  0.148059D+02  0.529382D+01
  0.155220D+03  0.152871D+02  0.546700D+01
  0.155275D+03  0.157409D+02  0.563045D+01
  0.155329D+03  0.161594D+02  0.578133D+01
  0.155383D+03  0.165346D+02  0.591679D+01
  0.155438D+03  0.168589D+02  0.603407D+01
  0.155492D+03  0.171250D+02  0.613060D+01
  0.155547D+03  0.173270D+02  0.620416D+01
  0.155601D+03  0.174597D+02  0.625299D+01
  0.155655D+03  0.175201D+02  0.627589D+01
  0.155710D+03  0.175064D+02  0.627229D+01
  0.155764D+03  0.174191D+02  0.624229D+01
  0.155818D+03  0.172603D+02  0.618667D+01
  0.155873D+03  0.170340D+02  0.610680D+01
  0.155927D+03  0.167454D+02  0.600459D+01
  0.155981D+03  0.164013D+02  0.588240D+01
  0.156036D+03  0.160088D+02  0.574284D+01
  0.156090D+03  0.155760D+02  0.558871D+01
  0.156144D+03  0.151107D+02  0.542287D+01
  0.156199D+03  0.146207D+02  0.524810D+01
  0.156253D+03  0.141133D+02  0.506704D+01
  0.156307D+03  0.135954D+02  0.488211D+01
  0.156362D+03  0.130730D+02  0.469548D+01
  0.156416D+03  0.125513D+02  0.450904D+01
  0.156470D+03  0.120349D+02  0.432441D+01
  0.156525D+03  0.115274D+02  0.414292D+01
  0.156579D+03  0.110319D+02  0.396564D+01
  0.156634D+03  0.105506D+02  0.379340D+01
  0.156688D+03  0.100852D+02  0.362683D+01
  0.156742D+03  0.963706D+01  0.346639D+01
  0.156797D+03  0.920689D+01  0.331234D+01
  0.156851D+03  0.879513D+01  0.316486D+01
  0.156905D+03  0.840192D+01  0.302399D+01
  0.156960D+03  0.802714D+01  0.288970D+01
  0.157014D+03  0.767050D+01  0.276188D+01
  0.157068D+03  0.733157D+01  0.264039D+01
  0.157123D+03  0.700980D+01  0.252503D+01
  0.157177D+03  0.670456D+01  0.241558D+01
  0.157231D+03  0.641520D+01  0.231180D+01
  0.157286D+03  0.614100D+01  0.221345D+01
  0.157340D+03  0.588125D+01  0.212026D+01
  0.157394D+03  0.563522D+01  0.203199D+01
  0.157449D+03  0.540222D+01  0.194837D+01
  0.157503D+03  0.518154D+01  0.186917D+01
  0.157557D+03  0.497250D+01  0.179413D+01
  0.157612D+03  0.477446D+01  0.172303D+01
  0.157666D+03  0.458678D+01  0.165565D+01
  0.157720D+03  0.440888D+01  0.159176D+01
  0.157775D+03  0.424018D+01  0.153117D+01
  0.157829D+03  0.408016D+01  0.147369D+01
  0.157884D+03  0.392829D+01  0.141913D+01
  0.157938D+03  0.378411D+01  0.136733D+01
  0.157992D+03  0.364715D+01  0.131812D+01
  0.158047D+03  0.351700D+01  0.127134D+01
  0.158101D+03  0.339326D+01  0.122687D+01
  0.158155D+03  0.327555D+01  0.118455D+01
  0.158210D+03  0.316352D+01  0.114428D+01
  0.158264D+03  0.305684D+01  0.110592D+01
  0.158318D+03  0.295521D+01  0.106937D+01
  0.158373D+03  0.285833D+01  0.103453D+01
  0.158427D+03  0.276593D+01  0.100129D+01
  0.158481D+03  0.267776D+01  0.969578D+00
  0.158536D+03  0.259358D+01  0.939294D+00
  0.158590D+03  0.251318D+01  0.910362D+00
  0.158644D+03  0.243633D+01  0.882709D+00
  0.158699D+03  0.236285D+01  0.856264D+00
  0.158753D+03  0.229255D+01  0.830960D+00
  0.158807D+03  0.222526D+01  0.806738D+00
  0.158862D+03  0.216082D+01  0.783539D+00
  0.158916D+03  0.209908D+01  0.761309D+00
  0.158971D+03  0.203989D+01  0.739996D+00
  0.159025D+03  0.198313D+01  0.719555D+00
  0.159079D+03  0.192866D+01  0.699938D+00
  0.159134D+03  0.187638D+01  0.681105D+00
  0.159188D+03  0.182616D+01  0.663016D+00
  0.159242D+03  0.177792D+01  0.645633D+00
  0.159297D+03  0.173154D+01  0.628922D+00
  0.159351D+03  0.168693D+01  0.612849D+00
  0.159405D+03  0.164402D+01  0.597383D+00
  0.159460D+03  0.160272D+01  0.582496D+00
  0.159514D+03  0.156294D+01  0.568159D+00
  0.159568D+03  0.152463D+01  0.554346D+00
  0.159623D+03  0.148770D+01  0.541033D+00
  0.159677D+03  0.145211D+01  0.528197D+00
  0.159731D+03  0.141777D+01  0.515815D+00
  0.159786D+03  0.138464D+01  0.503867D+00
  0.159840D+03  0.135267D+01  0.492334D+00
  0.159894D+03  0.132179D+01  0.481196D+00
  0.159949D+03  0.129197D+01  0.470436D+00
  0.160003D+03  0.126315D+01  0.460039D+00
  0.160057D+03  0.123529D+01  0.449987D+00
  0.160112D+03  0.120835D+01  0.440266D+00
  0.160166D+03  0.118230D+01  0.430862D+00
  0.160221D+03  0.115708D+01  0.421762D+00
  0.160275D+03  0.113268D+01  0.412952D+00
  0.160329D+03  0.110905D+01  0.404422D+00
  0.160384D+03  0.108616D+01  0.396158D+00
  0.160438D+03  0.106399D+01  0.388151D+00
  0.160492D+03  0.104249D+01  0.380390D+00
  0.160547D+03  0.102166D+01  0.372865D+00
  0.160601D+03  0.100145D+01  0.365567D+00
  0.160655D+03  0.981850D+00  0.358486D+00
  0.160710D+03  0.962830D+00  0.351615D+00
  0.160764D+03  0.944369D+00  0.344945D+00
  0.160818D+03  0.926445D+00  0.338469D+00
  0.160873D+03  0.909039D+00  0.332179D+00
  0.160927D+03  0.892130D+00  0.326068D+00
  0.160981D+03  0.875699D+00  0.320130D+00
  0.161036D+03  0.859730D+00  0.314358D+00
  0.161090D+03  0.844205D+00  0.308746D+00
  0.161144D+03  0.829108D+00  0.303288D+00
  0.161199D+03  0.814423D+00  0.297978D+00
  0.161253D+03  0.800136D+00  0.292812D+00
  0.161308D+03  0.786233D+00  0.287784D+00
  0.161362D+03  0.772699D+00  0.282890D+00
  0.161416D+03  0.759523D+00  0.278124D+00
  0.161471D+03  0.746691D+00  0.273482D+00
  0.161525D+03  0.734192D+00  0.268961D+00
  0.161579D+03  0.722014D+00  0.264555D+00
  0.161634D+03  0.710147D+00  0.260261D+00
  0.161688D+03  0.698580D+00  0.256076D+00
  0.161742D+03  0.687303D+00  0.251995D+00
  0.161797D+03  0.676307D+00  0.248015D+00
  0.161851D+03  0.665581D+00  0.244133D+00
  0.161905D+03  0.655119D+00  0.240345D+00
  0.161960D+03  0.644910D+00  0.236649D+00
  0.162014D+03  0.634946D+00  0.233042D+00
  0.162068D+03  0.625221D+00  0.229521D+00
  0.162123D+03  0.615727D+00  0.226083D+00
  0.162177D+03  0.606455D+00  0.222725D+00
  0.162231D+03  0.597400D+00  0.219445D+00
  0.162286D+03  0.588554D+00  0.216241D+00
  0.162340D+03  0.579911D+00  0.213111D+00
  0.162395D+03  0.571466D+00  0.210051D+00
  0.162449D+03  0.563211D+00  0.207060D+00
  0.162503D+03  0.555142D+00  0.204136D+00
  0.162558D+03  0.547252D+00  0.201277D+00
  0.162612D+03  0.539537D+00  0.198481D+00
  0.162666D+03  0.531991D+00  0.195747D+00
  0.162721D+03  0.524609D+00  0.193071D+00
  0.162775D+03  0.517387D+00  0.190453D+00
  0.162829D+03  0.510320D+00  0.187891D+00
  0.162884D+03  0.503404D+00  0.185384D+00
  0.162938D+03  0.496634D+00  0.182929D+00
  0.162992D+03  0.490006D+00  0.180525D+00
  0.163047D+03  0.483516D+00  0.178172D+00
  0.163101D+03  0.477161D+00  0.175867D+00
  0.163155D+03  0.470936D+00  0.173609D+00
  0.163210D+03  0.464839D+00  0.171397D+00
  0.163264D+03  0.458865D+00  0.169230D+00
  0.163318D+03  0.453011D+00  0.167106D+00
  0.163373D+03  0.447274D+00  0.165025D+00
  0.163427D+03  0.441652D+00  0.162985D+00
  0.163481D+03  0.436140D+00  0.160984D+00
  0.163536D+03  0.430736D+00  0.159023D+00
  0.163590D+03  0.425437D+00  0.157100D+00
  0.163645D+03  0.420241D+00  0.155214D+00
  0.163699D+03  0.415144D+00  0.153363D+00
  0.163753D+03  0.410144D+00  0.151548D+00
  0.163808D+03  0.405240D+00  0.149768D+00
  0.163862D+03  0.400427D+00  0.148020D+00
  0.163916D+03  0.395705D+00  0.146305D+00
  0.163971D+03  0.391070D+00  0.144622D+00
  0.164025D+03  0.386521D+00  0.142970D+00
  0.164079D+03  0.382055D+00  0.141348D+00
  0.164134D+03  0.377670D+00  0.139755D+00
  0.164188D+03  0.373365D+00  0.138191D+00
  0.164242D+03  0.369138D+00  0.136655D+00
  0.164297D+03  0.364986D+00  0.135146D+00
  0.164351D+03  0.360907D+00  0.133664D+00
  0.164405D+03  0.356901D+00  0.132208D+00
  0.164460D+03  0.352965D+00  0.130778D+00
  0.164514D+03  0.349098D+00  0.129372D+00
  0.164568D+03  0.345297D+00  0.127991D+00
  0.164623D+03  0.341563D+00  0.126633D+00
  0.164677D+03  0.337892D+00  0.125299D+00
  0.164732D+03  0.334283D+00  0.123987D+00
  0.164786D+03  0.330736D+00  0.122697D+00
  0.164840D+03  0.327248D+00  0.121429D+00
  0.164895D+03  0.323819D+00  0.120181D+00
  0.164949D+03  0.320446D+00  0.118955D+00
  0.165003D+03  0.317130D+00  0.117748D+00
  0.165058D+03  0.313867D+00  0.116562D+00
  0.165112D+03  0.310658D+00  0.115394D+00
  0.165166D+03  0.307502D+00  0.114246D+00
  0.165221D+03  0.304396D+00  0.113116D+00
  0.165275D+03  0.301339D+00  0.112004D+00
  0.165329D+03  0.298332D+00  0.110909D+00
  0.165384D+03  0.295373D+00  0.109832D+00
  0.165438D+03  0.292460D+00  0.108772D+00
  0.165492D+03  0.289592D+00  0.107728D+00
  0.165547D+03  0.286770D+00  0.106701D+00
  0.165601D+03  0.283991D+00  0.105689D+00
  0.165655D+03  0.281255D+00  0.104693D+00
  0.165710D+03  0.278561D+00  0.103713D+00
  0.165764D+03  0.275909D+00  0.102747D+00
  0.165818D+03  0.273296D+00  0.101795D+00
  0.165873D+03  0.270723D+00  0.100858D+00
  0.165927D+03  0.268189D+00  0.999350D-01
  0.165982D+03  0.265692D+00  0.990256D-01
  0.166036D+03  0.263232D+00  0.981297D-01
  0.166090D+03  0.260809D+00  0.972469D-01
  0.166145D+03  0.258422D+00  0.963770D-01
  0.166199D+03  0.256069D+00  0.955197D-01
  0.166253D+03  0.253750D+00  0.946749D-01
  0.166308D+03  0.251465D+00  0.938422D-01
  0.166362D+03  0.249213D+00  0.930214D-01
  0.166416D+03  0.246993D+00  0.922123D-01
  0.166471D+03  0.244805D+00  0.914147D-01
  0.166525D+03  0.242647D+00  0.906282D-01
  0.166579D+03  0.240520D+00  0.898528D-01
  0.166634D+03  0.238423D+00  0.890883D-01
  0.166688D+03  0.236355D+00  0.883343D-01
  0.166742D+03  0.234316D+00  0.875907D-01
  0.166797D+03  0.232305D+00  0.868574D-01
  0.166851D+03  0.230322D+00  0.861340D-01
  0.166905D+03  0.228365D+00  0.854205D-01
  0.166960D+03  0.226436D+00  0.847166D-01
  0.167014D+03  0.224532D+00  0.840222D-01
  0.167069D+03  0.222654D+00  0.833371D-01
  0.167123D+03  0.220801D+00  0.826612D-01
  0.167177D+03  0.218973D+00  0.819942D-01
  0.167232D+03  0.217170D+00  0.813360D-01
  0.167286D+03  0.215389D+00  0.806864D-01
  0.167340D+03  0.213633D+00  0.800453D-01
  0.167395D+03  0.211899D+00  0.794126D-01
  0.167449D+03  0.210188D+00  0.787881D-01
  0.167503D+03  0.208499D+00  0.781715D-01
  0.167558D+03  0.206832D+00  0.775629D-01
  0.167612D+03  0.205186D+00  0.769621D-01
  0.167666D+03  0.203562D+00  0.763689D-01
  0.167721D+03  0.201957D+00  0.757832D-01
  0.167775D+03  0.200374D+00  0.752048D-01
  0.167829D+03  0.198810D+00  0.746337D-01
  0.167884D+03  0.197265D+00  0.740697D-01
  0.167938D+03  0.195740D+00  0.735127D-01
  0.167992D+03  0.194234D+00  0.729626D-01
  0.168047D+03  0.192747D+00  0.724192D-01
  0.168101D+03  0.191278D+00  0.718825D-01
  0.168155D+03  0.189827D+00  0.713523D-01
  0.168210D+03  0.188393D+00  0.708285D-01
  0.168264D+03  0.186977D+00  0.703110D-01
  0.168319D+03  0.185578D+00  0.697998D-01
  0.168373D+03  0.184196D+00  0.692947D-01
  0.168427D+03  0.182830D+00  0.687956D-01
  0.168482D+03  0.181481D+00  0.683024D-01
  0.168536D+03  0.180148D+00  0.678150D-01
  0.168590D+03  0.178830D+00  0.673334D-01
  0.168645D+03  0.177528D+00  0.668573D-01
  0.168699D+03  0.176242D+00  0.663868D-01
  0.168753D+03  0.174970D+00  0.659218D-01
  0.168808D+03  0.173713D+00  0.654622D-01
  0.168862D+03  0.172470D+00  0.650078D-01
  0.168916D+03  0.171242D+00  0.645586D-01
  0.168971D+03  0.170028D+00  0.641145D-01
  0.169025D+03  0.168828D+00  0.636755D-01
  0.169079D+03  0.167641D+00  0.632414D-01
  0.169134D+03  0.166468D+00  0.628122D-01
  0.169188D+03  0.165308D+00  0.623878D-01
  0.169242D+03  0.164161D+00  0.619682D-01
  0.169297D+03  0.163027D+00  0.615532D-01
  0.169351D+03  0.161906D+00  0.611427D-01
  0.169406D+03  0.160797D+00  0.607368D-01
  0.169460D+03  0.159700D+00  0.603354D-01
  0.169514D+03  0.158615D+00  0.599383D-01
  0.169569D+03  0.157542D+00  0.595456D-01
  0.169623D+03  0.156481D+00  0.591571D-01
  0.169677D+03  0.155431D+00  0.587728D-01
  0.169732D+03  0.154393D+00  0.583926D-01
  0.169786D+03  0.153366D+00  0.580165D-01
  0.169840D+03  0.152350D+00  0.576444D-01
  0.169895D+03  0.151344D+00  0.572763D-01
  0.169949D+03  0.150350D+00  0.569120D-01
