  0.120002D+03  0.163017D+00  0.237527D-01  0.225022D-01
  0.120057D+03  0.164239D+00  0.238272D-01  0.224762D-01
  0.120111D+03  0.165476D+00  0.239022D-01  0.224501D-01
  0.120165D+03  0.166726D+00  0.239775D-01  0.224241D-01
  0.120220D+03  0.167991D+00  0.240532D-01  0.223982D-01
  0.120274D+03  0.169270D+00  0.241293D-01  0.223723D-01
  0.120328D+03  0.170563D+00  0.242058D-01  0.223465D-01
  0.120383D+03  0.171872D+00  0.242827D-01  0.223207D-01
  0.120437D+03  0.173196D+00  0.243601D-01  0.222949D-01
  0.120492D+03  0.174535D+00  0.244378D-01  0.222692D-01
  0.120546D+03  0.175889D+00  0.245159D-01  0.222436D-01
  0.120600D+03  0.177260D+00  0.245945D-01  0.222180D-01
  0.120655D+03  0.178646D+00  0.246734D-01  0.221924D-01
  0.120709D+03  0.180049D+00  0.247528D-01  0.221669D-01
  0.120763D+03  0.181469D+00  0.248327D-01  0.221414D-01
  0.120818D+03  0.182905D+00  0.249129D-01  0.221160D-01
  0.120872D+03  0.184358D+00  0.249936D-01  0.220906D-01
  0.120926D+03  0.185829D+00  0.250747D-01  0.220653D-01
  0.120981D+03  0.187317D+00  0.251563D-01  0.220400D-01
  0.121035D+03  0.188823D+00  0.252383D-01  0.220148D-01
  0.121089D+03  0.190348D+00  0.253207D-01  0.219896D-01
  0.121144D+03  0.191891D+00  0.254036D-01  0.219644D-01
  0.121198D+03  0.193452D+00  0.254870D-01  0.219393D-01
  0.121252D+03  0.195033D+00  0.255708D-01  0.219143D-01
  0.121307D+03  0.196633D+00  0.256551D-01  0.218892D-01
  0.121361D+03  0.198253D+00  0.257398D-01  0.218643D-01
  0.121415D+03  0.199894D+00  0.258250D-01  0.218393D-01
  0.121470D+03  0.201554D+00  0.259107D-01  0.218145D-01
  0.121524D+03  0.203235D+00  0.259969D-01  0.217896D-01
  0.121578D+03  0.204938D+00  0.260836D-01  0.217648D-01
  0.121633D+03  0.206661D+00  0.261707D-01  0.217401D-01
  0.121687D+03  0.208407D+00  0.262584D-01  0.217154D-01
  0.121742D+03  0.210174D+00  0.263465D-01  0.216907D-01
  0.121796D+03  0.211965D+00  0.264351D-01  0.216661D-01
  0.121850D+03  0.213778D+00  0.265243D-01  0.216415D-01
  0.121905D+03  0.215614D+00  0.266139D-01  0.216170D-01
  0.121959D+03  0.217474D+00  0.267041D-01  0.215925D-01
  0.122013D+03  0.219358D+00  0.267948D-01  0.215681D-01
  0.122068D+03  0.221267D+00  0.268860D-01  0.215437D-01
  0.122122D+03  0.223201D+00  0.269778D-01  0.215193D-01
  0.122176D+03  0.225160D+00  0.270701D-01  0.214950D-01
  0.122231D+03  0.227144D+00  0.271629D-01  0.214707D-01
  0.122285D+03  0.229156D+00  0.272563D-01  0.214465D-01
  0.122339D+03  0.231194D+00  0.273502D-01  0.214223D-01
  0.122394D+03  0.233259D+00  0.274447D-01  0.213982D-01
  0.122448D+03  0.235351D+00  0.275398D-01  0.213741D-01
  0.122502D+03  0.237472D+00  0.276354D-01  0.213500D-01
  0.122557D+03  0.239622D+00  0.277316D-01  0.213260D-01
  0.122611D+03  0.241801D+00  0.278283D-01  0.213020D-01
  0.122665D+03  0.244010D+00  0.279257D-01  0.212781D-01
  0.122720D+03  0.246248D+00  0.280236D-01  0.212542D-01
  0.122774D+03  0.248518D+00  0.281222D-01  0.212304D-01
  0.122829D+03  0.250819D+00  0.282213D-01  0.212066D-01
  0.122883D+03  0.253152D+00  0.283211D-01  0.211828D-01
  0.122937D+03  0.255518D+00  0.284215D-01  0.211591D-01
  0.122992D+03  0.257917D+00  0.285225D-01  0.211354D-01
  0.123046D+03  0.260350D+00  0.286241D-01  0.211118D-01
  0.123100D+03  0.262817D+00  0.287264D-01  0.210882D-01
  0.123155D+03  0.265319D+00  0.288293D-01  0.210646D-01
  0.123209D+03  0.267857D+00  0.289328D-01  0.210411D-01
  0.123263D+03  0.270431D+00  0.290370D-01  0.210176D-01
  0.123318D+03  0.273043D+00  0.291419D-01  0.209942D-01
  0.123372D+03  0.275692D+00  0.292475D-01  0.209708D-01
  0.123426D+03  0.278380D+00  0.293537D-01  0.209475D-01
  0.123481D+03  0.281107D+00  0.294606D-01  0.209242D-01
  0.123535D+03  0.283874D+00  0.295682D-01  0.209009D-01
  0.123589D+03  0.286682D+00  0.296765D-01  0.208777D-01
  0.123644D+03  0.289531D+00  0.297855D-01  0.208545D-01
  0.123698D+03  0.292424D+00  0.298953D-01  0.208313D-01
  0.123752D+03  0.295359D+00  0.300057D-01  0.208082D-01
  0.123807D+03  0.298339D+00  0.301169D-01  0.207852D-01
  0.123861D+03  0.301363D+00  0.302289D-01  0.207622D-01
  0.123915D+03  0.304434D+00  0.303416D-01  0.207392D-01
  0.123970D+03  0.307551D+00  0.304550D-01  0.207162D-01
  0.124024D+03  0.310717D+00  0.305692D-01  0.206933D-01
  0.124079D+03  0.313931D+00  0.306842D-01  0.206705D-01
  0.124133D+03  0.317195D+00  0.308000D-01  0.206476D-01
  0.124187D+03  0.320509D+00  0.309166D-01  0.206248D-01
  0.124242D+03  0.323876D+00  0.310340D-01  0.206021D-01
  0.124296D+03  0.327296D+00  0.311522D-01  0.205794D-01
  0.124350D+03  0.330770D+00  0.312712D-01  0.205567D-01
  0.124405D+03  0.334299D+00  0.313911D-01  0.205341D-01
  0.124459D+03  0.337884D+00  0.315119D-01  0.205115D-01
  0.124513D+03  0.341527D+00  0.316334D-01  0.204889D-01
  0.124568D+03  0.345229D+00  0.317559D-01  0.204664D-01
  0.124622D+03  0.348990D+00  0.318792D-01  0.204440D-01
  0.124676D+03  0.352814D+00  0.320035D-01  0.204215D-01
  0.124731D+03  0.356699D+00  0.321286D-01  0.203991D-01
  0.124785D+03  0.360649D+00  0.322547D-01  0.203768D-01
  0.124839D+03  0.364665D+00  0.323817D-01  0.203544D-01
  0.124894D+03  0.368747D+00  0.325096D-01  0.203322D-01
  0.124948D+03  0.372898D+00  0.326385D-01  0.203099D-01
  0.125002D+03  0.377118D+00  0.327684D-01  0.202877D-01
  0.125057D+03  0.381410D+00  0.328993D-01  0.202655D-01
  0.125111D+03  0.385775D+00  0.330311D-01  0.202434D-01
  0.125166D+03  0.390215D+00  0.331640D-01  0.202213D-01
  0.125220D+03  0.394731D+00  0.332978D-01  0.201993D-01
  0.125274D+03  0.399326D+00  0.334328D-01  0.201773D-01
  0.125329D+03  0.404000D+00  0.335688D-01  0.201553D-01
  0.125383D+03  0.408756D+00  0.337058D-01  0.201333D-01
  0.125437D+03  0.413596D+00  0.338440D-01  0.201114D-01
  0.125492D+03  0.418522D+00  0.339832D-01  0.200896D-01
  0.125546D+03  0.423535D+00  0.341236D-01  0.200677D-01
  0.125600D+03  0.428638D+00  0.342651D-01  0.200459D-01
  0.125655D+03  0.433833D+00  0.344078D-01  0.200242D-01
  0.125709D+03  0.439121D+00  0.345516D-01  0.200025D-01
  0.125763D+03  0.444507D+00  0.346967D-01  0.199808D-01
  0.125818D+03  0.449990D+00  0.348429D-01  0.199591D-01
  0.125872D+03  0.455575D+00  0.349904D-01  0.199375D-01
  0.125926D+03  0.461264D+00  0.351392D-01  0.199160D-01
  0.125981D+03  0.467058D+00  0.352892D-01  0.198944D-01
  0.126035D+03  0.472961D+00  0.354405D-01  0.198729D-01
  0.126089D+03  0.478976D+00  0.355931D-01  0.198515D-01
  0.126144D+03  0.485104D+00  0.357471D-01  0.198300D-01
  0.126198D+03  0.491350D+00  0.359024D-01  0.198087D-01
  0.126252D+03  0.497715D+00  0.360591D-01  0.197873D-01
  0.126307D+03  0.504204D+00  0.362172D-01  0.197660D-01
  0.126361D+03  0.510819D+00  0.363768D-01  0.197447D-01
  0.126416D+03  0.517563D+00  0.365378D-01  0.197235D-01
  0.126470D+03  0.524440D+00  0.367003D-01  0.197023D-01
  0.126524D+03  0.531453D+00  0.368643D-01  0.196811D-01
  0.126579D+03  0.538606D+00  0.370299D-01  0.196599D-01
  0.126633D+03  0.545902D+00  0.371970D-01  0.196388D-01
  0.126687D+03  0.553346D+00  0.373658D-01  0.196178D-01
  0.126742D+03  0.560941D+00  0.375361D-01  0.195967D-01
  0.126796D+03  0.568691D+00  0.377081D-01  0.195757D-01
  0.126850D+03  0.576601D+00  0.378819D-01  0.195548D-01
  0.126905D+03  0.584674D+00  0.380573D-01  0.195339D-01
  0.126959D+03  0.592916D+00  0.382345D-01  0.195130D-01
  0.127013D+03  0.601331D+00  0.384135D-01  0.194921D-01
  0.127068D+03  0.609923D+00  0.385944D-01  0.194713D-01
  0.127122D+03  0.618698D+00  0.387771D-01  0.194505D-01
  0.127176D+03  0.627661D+00  0.389617D-01  0.194297D-01
  0.127231D+03  0.636817D+00  0.391483D-01  0.194090D-01
  0.127285D+03  0.646172D+00  0.393369D-01  0.193884D-01
  0.127339D+03  0.655731D+00  0.395275D-01  0.193677D-01
  0.127394D+03  0.665500D+00  0.397202D-01  0.193471D-01
  0.127448D+03  0.675485D+00  0.399150D-01  0.193265D-01
  0.127503D+03  0.685693D+00  0.401120D-01  0.193060D-01
  0.127557D+03  0.696130D+00  0.403112D-01  0.192855D-01
  0.127611D+03  0.706803D+00  0.405127D-01  0.192650D-01
  0.127666D+03  0.717718D+00  0.407165D-01  0.192445D-01
  0.127720D+03  0.728884D+00  0.409227D-01  0.192241D-01
  0.127774D+03  0.740308D+00  0.411313D-01  0.192038D-01
  0.127829D+03  0.751997D+00  0.413424D-01  0.191834D-01
  0.127883D+03  0.763960D+00  0.415561D-01  0.191631D-01
  0.127937D+03  0.776205D+00  0.417724D-01  0.191428D-01
  0.127992D+03  0.788740D+00  0.419914D-01  0.191226D-01
  0.128046D+03  0.801576D+00  0.422131D-01  0.191024D-01
  0.128100D+03  0.814721D+00  0.424377D-01  0.190822D-01
  0.128155D+03  0.828185D+00  0.426651D-01  0.190621D-01
  0.128209D+03  0.841978D+00  0.428955D-01  0.190420D-01
  0.128263D+03  0.856111D+00  0.431290D-01  0.190219D-01
  0.128318D+03  0.870596D+00  0.433655D-01  0.190018D-01
  0.128372D+03  0.885442D+00  0.436053D-01  0.189818D-01
  0.128426D+03  0.900662D+00  0.438484D-01  0.189619D-01
  0.128481D+03  0.916269D+00  0.440949D-01  0.189419D-01
  0.128535D+03  0.932276D+00  0.443448D-01  0.189220D-01
  0.128589D+03  0.948695D+00  0.445983D-01  0.189021D-01
  0.128644D+03  0.965540D+00  0.448555D-01  0.188823D-01
  0.128698D+03  0.982827D+00  0.451165D-01  0.188625D-01
  0.128753D+03  0.100057D+01  0.453814D-01  0.188427D-01
  0.128807D+03  0.101879D+01  0.456503D-01  0.188230D-01
  0.128861D+03  0.103749D+01  0.459233D-01  0.188033D-01
  0.128916D+03  0.105670D+01  0.462006D-01  0.187836D-01
  0.128970D+03  0.107643D+01  0.464822D-01  0.187639D-01
  0.129024D+03  0.109670D+01  0.467684D-01  0.187443D-01
  0.129079D+03  0.111754D+01  0.470592D-01  0.187247D-01
  0.129133D+03  0.113895D+01  0.473549D-01  0.187052D-01
  0.129187D+03  0.116097D+01  0.476555D-01  0.186856D-01
  0.129242D+03  0.118362D+01  0.479612D-01  0.186662D-01
  0.129296D+03  0.120691D+01  0.482722D-01  0.186467D-01
  0.129350D+03  0.123087D+01  0.485887D-01  0.186273D-01
  0.129405D+03  0.125553D+01  0.489108D-01  0.186079D-01
  0.129459D+03  0.128091D+01  0.492387D-01  0.185885D-01
  0.129513D+03  0.130704D+01  0.495727D-01  0.185692D-01
  0.129568D+03  0.133395D+01  0.499130D-01  0.185499D-01
  0.129622D+03  0.136167D+01  0.502597D-01  0.185306D-01
  0.129676D+03  0.139023D+01  0.506131D-01  0.185114D-01
  0.129731D+03  0.141966D+01  0.509734D-01  0.184922D-01
  0.129785D+03  0.145000D+01  0.513409D-01  0.184730D-01
  0.129840D+03  0.148129D+01  0.517159D-01  0.184539D-01
  0.129894D+03  0.151355D+01  0.520985D-01  0.184348D-01
  0.129948D+03  0.154684D+01  0.524892D-01  0.184157D-01
  0.130003D+03  0.158118D+01  0.528882D-01  0.183966D-01
  0.130057D+03  0.161664D+01  0.532959D-01  0.183776D-01
  0.130111D+03  0.165324D+01  0.537125D-01  0.183586D-01
  0.130166D+03  0.169104D+01  0.541384D-01  0.183397D-01
  0.130220D+03  0.173009D+01  0.545740D-01  0.183207D-01
  0.130274D+03  0.177044D+01  0.550197D-01  0.183018D-01
  0.130329D+03  0.181215D+01  0.554759D-01  0.182830D-01
  0.130383D+03  0.185527D+01  0.559429D-01  0.182641D-01
  0.130437D+03  0.189986D+01  0.564213D-01  0.182453D-01
  0.130492D+03  0.194599D+01  0.569115D-01  0.182266D-01
  0.130546D+03  0.199373D+01  0.574141D-01  0.182078D-01
  0.130600D+03  0.204314D+01  0.579295D-01  0.181891D-01
  0.130655D+03  0.209430D+01  0.584582D-01  0.181704D-01
  0.130709D+03  0.214728D+01  0.590010D-01  0.181518D-01
  0.130763D+03  0.220217D+01  0.595583D-01  0.181331D-01
  0.130818D+03  0.225905D+01  0.601308D-01  0.181145D-01
  0.130872D+03  0.231801D+01  0.607191D-01  0.180960D-01
  0.130926D+03  0.237915D+01  0.613241D-01  0.180774D-01
  0.130981D+03  0.244256D+01  0.619464D-01  0.180589D-01
  0.131035D+03  0.250835D+01  0.625868D-01  0.180405D-01
  0.131090D+03  0.257663D+01  0.632462D-01  0.180220D-01
  0.131144D+03  0.264751D+01  0.639253D-01  0.180036D-01
  0.131198D+03  0.272111D+01  0.646252D-01  0.179852D-01
  0.131253D+03  0.279755D+01  0.653468D-01  0.179669D-01
  0.131307D+03  0.287698D+01  0.660911D-01  0.179485D-01
  0.131361D+03  0.295952D+01  0.668591D-01  0.179302D-01
  0.131416D+03  0.304533D+01  0.676520D-01  0.179120D-01
  0.131470D+03  0.313454D+01  0.684710D-01  0.178937D-01
  0.131524D+03  0.322734D+01  0.693173D-01  0.178755D-01
  0.131579D+03  0.332387D+01  0.701921D-01  0.178573D-01
  0.131633D+03  0.342431D+01  0.710969D-01  0.178392D-01
  0.131687D+03  0.352885D+01  0.720331D-01  0.178210D-01
  0.131742D+03  0.363766D+01  0.730022D-01  0.178030D-01
  0.131796D+03  0.375095D+01  0.740056D-01  0.177849D-01
  0.131850D+03  0.386892D+01  0.750451D-01  0.177668D-01
  0.131905D+03  0.399178D+01  0.761224D-01  0.177488D-01
  0.131959D+03  0.411975D+01  0.772391D-01  0.177309D-01
  0.132013D+03  0.425304D+01  0.783972D-01  0.177129D-01
  0.132068D+03  0.439189D+01  0.795985D-01  0.176950D-01
  0.132122D+03  0.453653D+01  0.808450D-01  0.176771D-01
  0.132177D+03  0.468720D+01  0.821386D-01  0.176592D-01
  0.132231D+03  0.484414D+01  0.834815D-01  0.176414D-01
  0.132285D+03  0.500758D+01  0.848757D-01  0.176236D-01
  0.132340D+03  0.517778D+01  0.863233D-01  0.176058D-01
  0.132394D+03  0.535496D+01  0.878265D-01  0.175880D-01
  0.132448D+03  0.553936D+01  0.893873D-01  0.175703D-01
  0.132503D+03  0.573120D+01  0.910080D-01  0.175526D-01
  0.132557D+03  0.593068D+01  0.926904D-01  0.175349D-01
  0.132611D+03  0.613799D+01  0.944365D-01  0.175173D-01
  0.132666D+03  0.635330D+01  0.962482D-01  0.174997D-01
  0.132720D+03  0.657674D+01  0.981270D-01  0.174821D-01
  0.132774D+03  0.680839D+01  0.100075D+00  0.174645D-01
  0.132829D+03  0.704832D+01  0.102092D+00  0.174470D-01
  0.132883D+03  0.729652D+01  0.104179D+00  0.174295D-01
  0.132937D+03  0.755290D+01  0.106338D+00  0.174120D-01
  0.132992D+03  0.781733D+01  0.108568D+00  0.173946D-01
  0.133046D+03  0.808956D+01  0.110867D+00  0.173771D-01
  0.133100D+03  0.836924D+01  0.113235D+00  0.173597D-01
  0.133155D+03  0.865593D+01  0.115669D+00  0.173424D-01
  0.133209D+03  0.894901D+01  0.118166D+00  0.173250D-01
  0.133263D+03  0.924776D+01  0.120723D+00  0.173077D-01
  0.133318D+03  0.955127D+01  0.123332D+00  0.172904D-01
  0.133372D+03  0.985848D+01  0.125988D+00  0.172732D-01
  0.133427D+03  0.101681D+02  0.128683D+00  0.172559D-01
  0.133481D+03  0.104787D+02  0.131407D+00  0.172387D-01
  0.133535D+03  0.107887D+02  0.134149D+00  0.172216D-01
  0.133590D+03  0.110961D+02  0.136896D+00  0.172044D-01
  0.133644D+03  0.113989D+02  0.139635D+00  0.171873D-01
  0.133698D+03  0.116950D+02  0.142348D+00  0.171702D-01
  0.133753D+03  0.119818D+02  0.145020D+00  0.171531D-01
  0.133807D+03  0.122570D+02  0.147631D+00  0.171361D-01
  0.133861D+03  0.125178D+02  0.150162D+00  0.171190D-01
  0.133916D+03  0.127617D+02  0.152594D+00  0.171020D-01
  0.133970D+03  0.129859D+02  0.154906D+00  0.170851D-01
  0.134024D+03  0.131879D+02  0.157077D+00  0.170681D-01
  0.134079D+03  0.133652D+02  0.159088D+00  0.170512D-01
  0.134133D+03  0.135156D+02  0.160920D+00  0.170343D-01
  0.134187D+03  0.136371D+02  0.162557D+00  0.170175D-01
  0.134242D+03  0.137280D+02  0.163983D+00  0.170006D-01
  0.134296D+03  0.137871D+02  0.165188D+00  0.169838D-01
  0.134350D+03  0.138135D+02  0.166161D+00  0.169670D-01
  0.134405D+03  0.138069D+02  0.166896D+00  0.169503D-01
  0.134459D+03  0.137674D+02  0.167391D+00  0.169335D-01
  0.134514D+03  0.136955D+02  0.167648D+00  0.169168D-01
  0.134568D+03  0.135922D+02  0.167669D+00  0.169002D-01
  0.134622D+03  0.134591D+02  0.167464D+00  0.168835D-01
  0.134677D+03  0.132978D+02  0.167042D+00  0.168669D-01
  0.134731D+03  0.131104D+02  0.166417D+00  0.168503D-01
  0.134785D+03  0.128994D+02  0.165603D+00  0.168337D-01
  0.134840D+03  0.126672D+02  0.164617D+00  0.168171D-01
  0.134894D+03  0.124165D+02  0.163478D+00  0.168006D-01
  0.134948D+03  0.121499D+02  0.162204D+00  0.167841D-01
  0.135003D+03  0.118700D+02  0.160813D+00  0.167676D-01
  0.135057D+03  0.115795D+02  0.159324D+00  0.167511D-01
  0.135111D+03  0.112808D+02  0.157756D+00  0.167347D-01
  0.135166D+03  0.109762D+02  0.156125D+00  0.167183D-01
  0.135220D+03  0.106679D+02  0.154449D+00  0.167019D-01
  0.135274D+03  0.103579D+02  0.152741D+00  0.166856D-01
  0.135329D+03  0.100478D+02  0.151016D+00  0.166693D-01
  0.135383D+03  0.973940D+01  0.149286D+00  0.166529D-01
  0.135437D+03  0.943391D+01  0.147562D+00  0.166367D-01
  0.135492D+03  0.913255D+01  0.145855D+00  0.166204D-01
  0.135546D+03  0.883633D+01  0.144171D+00  0.166042D-01
  0.135600D+03  0.854608D+01  0.142520D+00  0.165880D-01
  0.135655D+03  0.826247D+01  0.140906D+00  0.165718D-01
  0.135709D+03  0.798604D+01  0.139335D+00  0.165556D-01
  0.135764D+03  0.771721D+01  0.137811D+00  0.165395D-01
  0.135818D+03  0.745627D+01  0.136337D+00  0.165234D-01
  0.135872D+03  0.720343D+01  0.134915D+00  0.165073D-01
  0.135927D+03  0.695879D+01  0.133548D+00  0.164913D-01
  0.135981D+03  0.672242D+01  0.132237D+00  0.164752D-01
  0.136035D+03  0.649429D+01  0.130982D+00  0.164592D-01
  0.136090D+03  0.627433D+01  0.129783D+00  0.164432D-01
  0.136144D+03  0.606243D+01  0.128641D+00  0.164273D-01
  0.136198D+03  0.585845D+01  0.127555D+00  0.164113D-01
  0.136253D+03  0.566222D+01  0.126525D+00  0.163954D-01
  0.136307D+03  0.547353D+01  0.125549D+00  0.163795D-01
  0.136361D+03  0.529218D+01  0.124627D+00  0.163637D-01
  0.136416D+03  0.511794D+01  0.123757D+00  0.163478D-01
  0.136470D+03  0.495058D+01  0.122938D+00  0.163320D-01
  0.136524D+03  0.478987D+01  0.122170D+00  0.163162D-01
  0.136579D+03  0.463555D+01  0.121450D+00  0.163005D-01
  0.136633D+03  0.448740D+01  0.120777D+00  0.162847D-01
  0.136687D+03  0.434517D+01  0.120150D+00  0.162690D-01
  0.136742D+03  0.420863D+01  0.119567D+00  0.162533D-01
  0.136796D+03  0.407754D+01  0.119026D+00  0.162376D-01
  0.136851D+03  0.395168D+01  0.118528D+00  0.162220D-01
  0.136905D+03  0.383084D+01  0.118069D+00  0.162064D-01
  0.136959D+03  0.371479D+01  0.117649D+00  0.161908D-01
  0.137014D+03  0.360333D+01  0.117267D+00  0.161752D-01
  0.137068D+03  0.349626D+01  0.116920D+00  0.161596D-01
  0.137122D+03  0.339339D+01  0.116609D+00  0.161441D-01
  0.137177D+03  0.329454D+01  0.116331D+00  0.161286D-01
  0.137231D+03  0.319952D+01  0.116085D+00  0.161131D-01
  0.137285D+03  0.310817D+01  0.115871D+00  0.160976D-01
  0.137340D+03  0.302033D+01  0.115688D+00  0.160822D-01
  0.137394D+03  0.293583D+01  0.115534D+00  0.160668D-01
  0.137448D+03  0.285453D+01  0.115408D+00  0.160514D-01
  0.137503D+03  0.277630D+01  0.115309D+00  0.160360D-01
  0.137557D+03  0.270098D+01  0.115237D+00  0.160207D-01
  0.137611D+03  0.262846D+01  0.115191D+00  0.160054D-01
  0.137666D+03  0.255861D+01  0.115170D+00  0.159901D-01
  0.137720D+03  0.249131D+01  0.115172D+00  0.159748D-01
  0.137774D+03  0.242645D+01  0.115198D+00  0.159595D-01
  0.137829D+03  0.236393D+01  0.115247D+00  0.159443D-01
  0.137883D+03  0.230364D+01  0.115318D+00  0.159291D-01
  0.137937D+03  0.224548D+01  0.115410D+00  0.159139D-01
  0.137992D+03  0.218937D+01  0.115523D+00  0.158987D-01
  0.138046D+03  0.213522D+01  0.115656D+00  0.158836D-01
  0.138101D+03  0.208293D+01  0.115808D+00  0.158685D-01
  0.138155D+03  0.203244D+01  0.115980D+00  0.158534D-01
  0.138209D+03  0.198367D+01  0.116170D+00  0.158383D-01
  0.138264D+03  0.193655D+01  0.116379D+00  0.158232D-01
  0.138318D+03  0.189100D+01  0.116605D+00  0.158082D-01
  0.138372D+03  0.184696D+01  0.116849D+00  0.157932D-01
  0.138427D+03  0.180437D+01  0.117109D+00  0.157782D-01
  0.138481D+03  0.176317D+01  0.117387D+00  0.157633D-01
  0.138535D+03  0.172330D+01  0.117680D+00  0.157483D-01
  0.138590D+03  0.168472D+01  0.117989D+00  0.157334D-01
  0.138644D+03  0.164736D+01  0.118314D+00  0.157185D-01
  0.138698D+03  0.161118D+01  0.118655D+00  0.157036D-01
  0.138753D+03  0.157613D+01  0.119010D+00  0.156888D-01
  0.138807D+03  0.154217D+01  0.119380D+00  0.156740D-01
  0.138861D+03  0.150926D+01  0.119765D+00  0.156591D-01
  0.138916D+03  0.147735D+01  0.120164D+00  0.156444D-01
  0.138970D+03  0.144640D+01  0.120577D+00  0.156296D-01
  0.139024D+03  0.141639D+01  0.121004D+00  0.156148D-01
  0.139079D+03  0.138727D+01  0.121445D+00  0.156001D-01
  0.139133D+03  0.135901D+01  0.121900D+00  0.155854D-01
  0.139188D+03  0.133158D+01  0.122368D+00  0.155707D-01
  0.139242D+03  0.130494D+01  0.122849D+00  0.155561D-01
  0.139296D+03  0.127907D+01  0.123343D+00  0.155415D-01
  0.139351D+03  0.125394D+01  0.123851D+00  0.155268D-01
  0.139405D+03  0.122953D+01  0.124371D+00  0.155122D-01
  0.139459D+03  0.120580D+01  0.124904D+00  0.154977D-01
  0.139514D+03  0.118273D+01  0.125450D+00  0.154831D-01
  0.139568D+03  0.116031D+01  0.126009D+00  0.154686D-01
  0.139622D+03  0.113849D+01  0.126580D+00  0.154541D-01
  0.139677D+03  0.111728D+01  0.127164D+00  0.154396D-01
  0.139731D+03  0.109663D+01  0.127760D+00  0.154251D-01
  0.139785D+03  0.107654D+01  0.128368D+00  0.154107D-01
  0.139840D+03  0.105699D+01  0.128989D+00  0.153963D-01
  0.139894D+03  0.103795D+01  0.129622D+00  0.153819D-01
  0.139948D+03  0.101941D+01  0.130268D+00  0.153675D-01
  0.140003D+03  0.100135D+01  0.130926D+00  0.153531D-01
  0.140057D+03  0.983758D+00  0.131596D+00  0.153388D-01
  0.140111D+03  0.966617D+00  0.132278D+00  0.153245D-01
  0.140166D+03  0.949912D+00  0.132973D+00  0.153102D-01
  0.140220D+03  0.933629D+00  0.133680D+00  0.152959D-01
  0.140275D+03  0.917753D+00  0.134399D+00  0.152817D-01
  0.140329D+03  0.902272D+00  0.135131D+00  0.152674D-01
  0.140383D+03  0.887172D+00  0.135875D+00  0.152532D-01
  0.140438D+03  0.872443D+00  0.136631D+00  0.152390D-01
  0.140492D+03  0.858072D+00  0.137400D+00  0.152248D-01
  0.140546D+03  0.844048D+00  0.138181D+00  0.152107D-01
  0.140601D+03  0.830360D+00  0.138975D+00  0.151966D-01
  0.140655D+03  0.816998D+00  0.139782D+00  0.151824D-01
  0.140709D+03  0.803951D+00  0.140601D+00  0.151684D-01
  0.140764D+03  0.791210D+00  0.141433D+00  0.151543D-01
  0.140818D+03  0.778766D+00  0.142277D+00  0.151402D-01
  0.140872D+03  0.766610D+00  0.143135D+00  0.151262D-01
  0.140927D+03  0.754734D+00  0.144005D+00  0.151122D-01
  0.140981D+03  0.743128D+00  0.144889D+00  0.150982D-01
  0.141035D+03  0.731785D+00  0.145786D+00  0.150842D-01
  0.141090D+03  0.720697D+00  0.146696D+00  0.150703D-01
  0.141144D+03  0.709857D+00  0.147619D+00  0.150564D-01
  0.141198D+03  0.699257D+00  0.148556D+00  0.150425D-01
  0.141253D+03  0.688891D+00  0.149506D+00  0.150286D-01
  0.141307D+03  0.678752D+00  0.150470D+00  0.150147D-01
  0.141361D+03  0.668834D+00  0.151448D+00  0.150008D-01
  0.141416D+03  0.659130D+00  0.152440D+00  0.149870D-01
  0.141470D+03  0.649634D+00  0.153446D+00  0.149732D-01
  0.141525D+03  0.640340D+00  0.154466D+00  0.149594D-01
  0.141579D+03  0.631244D+00  0.155500D+00  0.149456D-01
  0.141633D+03  0.622339D+00  0.156549D+00  0.149319D-01
  0.141688D+03  0.613620D+00  0.157613D+00  0.149182D-01
  0.141742D+03  0.605082D+00  0.158691D+00  0.149045D-01
  0.141796D+03  0.596721D+00  0.159785D+00  0.148908D-01
  0.141851D+03  0.588531D+00  0.160894D+00  0.148771D-01
  0.141905D+03  0.580508D+00  0.162018D+00  0.148634D-01
  0.141959D+03  0.572647D+00  0.163157D+00  0.148498D-01
  0.142014D+03  0.564945D+00  0.164313D+00  0.148362D-01
  0.142068D+03  0.557397D+00  0.165484D+00  0.148226D-01
  0.142122D+03  0.549999D+00  0.166671D+00  0.148090D-01
  0.142177D+03  0.542747D+00  0.167875D+00  0.147955D-01
  0.142231D+03  0.535638D+00  0.169095D+00  0.147819D-01
  0.142285D+03  0.528668D+00  0.170332D+00  0.147684D-01
  0.142340D+03  0.521833D+00  0.171586D+00  0.147549D-01
  0.142394D+03  0.515129D+00  0.172857D+00  0.147415D-01
  0.142448D+03  0.508555D+00  0.174145D+00  0.147280D-01
  0.142503D+03  0.502105D+00  0.175451D+00  0.147146D-01
  0.142557D+03  0.495778D+00  0.176775D+00  0.147011D-01
  0.142612D+03  0.489570D+00  0.178118D+00  0.146877D-01
  0.142666D+03  0.483479D+00  0.179478D+00  0.146744D-01
  0.142720D+03  0.477501D+00  0.180858D+00  0.146610D-01
  0.142775D+03  0.471634D+00  0.182256D+00  0.146477D-01
  0.142829D+03  0.465874D+00  0.183674D+00  0.146343D-01
  0.142883D+03  0.460221D+00  0.185111D+00  0.146210D-01
  0.142938D+03  0.454670D+00  0.186567D+00  0.146077D-01
  0.142992D+03  0.449219D+00  0.188044D+00  0.145945D-01
  0.143046D+03  0.443867D+00  0.189542D+00  0.145812D-01
  0.143101D+03  0.438611D+00  0.191060D+00  0.145680D-01
  0.143155D+03  0.433448D+00  0.192599D+00  0.145548D-01
  0.143209D+03  0.428377D+00  0.194160D+00  0.145416D-01
  0.143264D+03  0.423396D+00  0.195742D+00  0.145284D-01
  0.143318D+03  0.418501D+00  0.197346D+00  0.145153D-01
  0.143372D+03  0.413692D+00  0.198973D+00  0.145021D-01
  0.143427D+03  0.408966D+00  0.200622D+00  0.144890D-01
  0.143481D+03  0.404322D+00  0.202295D+00  0.144759D-01
  0.143535D+03  0.399757D+00  0.203991D+00  0.144628D-01
  0.143590D+03  0.395271D+00  0.205711D+00  0.144498D-01
  0.143644D+03  0.390860D+00  0.207456D+00  0.144367D-01
  0.143698D+03  0.386524D+00  0.209225D+00  0.144237D-01
  0.143753D+03  0.382261D+00  0.211020D+00  0.144107D-01
  0.143807D+03  0.378069D+00  0.212839D+00  0.143977D-01
  0.143862D+03  0.373947D+00  0.214685D+00  0.143847D-01
  0.143916D+03  0.369894D+00  0.216558D+00  0.143718D-01
  0.143970D+03  0.365907D+00  0.218457D+00  0.143588D-01
  0.144025D+03  0.361985D+00  0.220384D+00  0.143459D-01
  0.144079D+03  0.358127D+00  0.222339D+00  0.143330D-01
  0.144133D+03  0.354332D+00  0.224322D+00  0.143201D-01
  0.144188D+03  0.350599D+00  0.226334D+00  0.143073D-01
  0.144242D+03  0.346925D+00  0.228375D+00  0.142944D-01
  0.144296D+03  0.343310D+00  0.230446D+00  0.142816D-01
  0.144351D+03  0.339753D+00  0.232548D+00  0.142688D-01
  0.144405D+03  0.336252D+00  0.234681D+00  0.142560D-01
  0.144459D+03  0.332806D+00  0.236845D+00  0.142432D-01
  0.144514D+03  0.329415D+00  0.239042D+00  0.142305D-01
  0.144568D+03  0.326076D+00  0.241271D+00  0.142177D-01
  0.144622D+03  0.322790D+00  0.243534D+00  0.142050D-01
  0.144677D+03  0.319554D+00  0.245831D+00  0.141923D-01
  0.144731D+03  0.316368D+00  0.248162D+00  0.141796D-01
  0.144785D+03  0.313232D+00  0.250529D+00  0.141670D-01
  0.144840D+03  0.310143D+00  0.252932D+00  0.141543D-01
  0.144894D+03  0.307101D+00  0.255372D+00  0.141417D-01
  0.144949D+03  0.304105D+00  0.257849D+00  0.141291D-01
  0.145003D+03  0.301155D+00  0.260364D+00  0.141165D-01
  0.145057D+03  0.298249D+00  0.262918D+00  0.141039D-01
  0.145112D+03  0.295386D+00  0.265512D+00  0.140913D-01
  0.145166D+03  0.292566D+00  0.268147D+00  0.140788D-01
  0.145220D+03  0.289788D+00  0.270822D+00  0.140663D-01
  0.145275D+03  0.287051D+00  0.273540D+00  0.140537D-01
  0.145329D+03  0.284355D+00  0.276301D+00  0.140413D-01
  0.145383D+03  0.281698D+00  0.279106D+00  0.140288D-01
  0.145438D+03  0.279079D+00  0.281955D+00  0.140163D-01
  0.145492D+03  0.276499D+00  0.284850D+00  0.140039D-01
  0.145546D+03  0.273957D+00  0.287792D+00  0.139915D-01
  0.145601D+03  0.271450D+00  0.290781D+00  0.139790D-01
  0.145655D+03  0.268981D+00  0.293820D+00  0.139667D-01
  0.145709D+03  0.266546D+00  0.296907D+00  0.139543D-01
  0.145764D+03  0.264146D+00  0.300045D+00  0.139419D-01
  0.145818D+03  0.261781D+00  0.303236D+00  0.139296D-01
  0.145872D+03  0.259449D+00  0.306478D+00  0.139173D-01
  0.145927D+03  0.257149D+00  0.309775D+00  0.139050D-01
  0.145981D+03  0.254883D+00  0.313128D+00  0.138927D-01
  0.146035D+03  0.252648D+00  0.316536D+00  0.138804D-01
  0.146090D+03  0.250444D+00  0.320002D+00  0.138682D-01
  0.146144D+03  0.248271D+00  0.323527D+00  0.138559D-01
  0.146199D+03  0.246129D+00  0.327113D+00  0.138437D-01
  0.146253D+03  0.244016D+00  0.330760D+00  0.138315D-01
  0.146307D+03  0.241932D+00  0.334470D+00  0.138193D-01
  0.146362D+03  0.239877D+00  0.338244D+00  0.138071D-01
  0.146416D+03  0.237850D+00  0.342084D+00  0.137950D-01
  0.146470D+03  0.235851D+00  0.345991D+00  0.137829D-01
  0.146525D+03  0.233879D+00  0.349967D+00  0.137707D-01
  0.146579D+03  0.231934D+00  0.354014D+00  0.137586D-01
  0.146633D+03  0.230015D+00  0.358133D+00  0.137466D-01
  0.146688D+03  0.228123D+00  0.362326D+00  0.137345D-01
  0.146742D+03  0.226256D+00  0.366594D+00  0.137224D-01
  0.146796D+03  0.224414D+00  0.370940D+00  0.137104D-01
  0.146851D+03  0.222597D+00  0.375365D+00  0.136984D-01
  0.146905D+03  0.220804D+00  0.379871D+00  0.136864D-01
  0.146959D+03  0.219036D+00  0.384460D+00  0.136744D-01
  0.147014D+03  0.217290D+00  0.389134D+00  0.136624D-01
  0.147068D+03  0.215569D+00  0.393895D+00  0.136505D-01
  0.147122D+03  0.213870D+00  0.398745D+00  0.136385D-01
  0.147177D+03  0.212193D+00  0.403687D+00  0.136266D-01
  0.147231D+03  0.210539D+00  0.408723D+00  0.136147D-01
  0.147286D+03  0.208907D+00  0.413855D+00  0.136028D-01
  0.147340D+03  0.207296D+00  0.419086D+00  0.135909D-01
  0.147394D+03  0.205707D+00  0.424418D+00  0.135791D-01
  0.147449D+03  0.204138D+00  0.429853D+00  0.135672D-01
  0.147503D+03  0.202591D+00  0.435395D+00  0.135554D-01
  0.147557D+03  0.201063D+00  0.441045D+00  0.135436D-01
  0.147612D+03  0.199556D+00  0.446808D+00  0.135318D-01
  0.147666D+03  0.198068D+00  0.452685D+00  0.135200D-01
  0.147720D+03  0.196600D+00  0.458680D+00  0.135083D-01
  0.147775D+03  0.195151D+00  0.464797D+00  0.134965D-01
  0.147829D+03  0.193721D+00  0.471037D+00  0.134848D-01
  0.147883D+03  0.192310D+00  0.477405D+00  0.134731D-01
  0.147938D+03  0.190917D+00  0.483904D+00  0.134614D-01
  0.147992D+03  0.189543D+00  0.490538D+00  0.134497D-01
  0.148046D+03  0.188187D+00  0.497310D+00  0.134380D-01
  0.148101D+03  0.186848D+00  0.504224D+00  0.134264D-01
  0.148155D+03  0.185527D+00  0.511284D+00  0.134147D-01
  0.148209D+03  0.184223D+00  0.518495D+00  0.134031D-01
  0.148264D+03  0.182937D+00  0.525859D+00  0.133915D-01
  0.148318D+03  0.181667D+00  0.533383D+00  0.133799D-01
  0.148372D+03  0.180414D+00  0.541069D+00  0.133684D-01
  0.148427D+03  0.179178D+00  0.548924D+00  0.133568D-01
  0.148481D+03  0.177958D+00  0.556952D+00  0.133453D-01
  0.148536D+03  0.176754D+00  0.565157D+00  0.133337D-01
  0.148590D+03  0.175566D+00  0.573546D+00  0.133222D-01
  0.148644D+03  0.174394D+00  0.582123D+00  0.133107D-01
  0.148699D+03  0.173237D+00  0.590894D+00  0.132992D-01
  0.148753D+03  0.172096D+00  0.599866D+00  0.132878D-01
  0.148807D+03  0.170971D+00  0.609043D+00  0.132763D-01
  0.148862D+03  0.169860D+00  0.618432D+00  0.132649D-01
  0.148916D+03  0.168765D+00  0.628041D+00  0.132535D-01
  0.148970D+03  0.167684D+00  0.637875D+00  0.132421D-01
  0.149025D+03  0.166619D+00  0.647942D+00  0.132307D-01
  0.149079D+03  0.165567D+00  0.658248D+00  0.132193D-01
  0.149133D+03  0.164531D+00  0.668802D+00  0.132080D-01
  0.149188D+03  0.163509D+00  0.679612D+00  0.131966D-01
  0.149242D+03  0.162501D+00  0.690685D+00  0.131853D-01
  0.149296D+03  0.161507D+00  0.702030D+00  0.131740D-01
  0.149351D+03  0.160528D+00  0.713656D+00  0.131627D-01
  0.149405D+03  0.159562D+00  0.725573D+00  0.131514D-01
  0.149459D+03  0.158610D+00  0.737789D+00  0.131401D-01
  0.149514D+03  0.157672D+00  0.750314D+00  0.131289D-01
  0.149568D+03  0.156748D+00  0.763160D+00  0.131177D-01
  0.149623D+03  0.155838D+00  0.776337D+00  0.131064D-01
  0.149677D+03  0.154941D+00  0.789857D+00  0.130952D-01
  0.149731D+03  0.154057D+00  0.803730D+00  0.130840D-01
  0.149786D+03  0.153187D+00  0.817970D+00  0.130729D-01
  0.149840D+03  0.152331D+00  0.832589D+00  0.130617D-01
  0.149894D+03  0.151488D+00  0.847601D+00  0.130505D-01
  0.149949D+03  0.150658D+00  0.863019D+00  0.130394D-01
  0.150003D+03  0.149842D+00  0.878858D+00  0.130283D-01
  0.150057D+03  0.149039D+00  0.895134D+00  0.130172D-01
  0.150112D+03  0.148249D+00  0.911862D+00  0.130061D-01
  0.150166D+03  0.147473D+00  0.929059D+00  0.129950D-01
  0.150220D+03  0.146710D+00  0.946742D+00  0.129840D-01
  0.150275D+03  0.145960D+00  0.964929D+00  0.129729D-01
  0.150329D+03  0.145224D+00  0.983640D+00  0.129619D-01
  0.150383D+03  0.144501D+00  0.100289D+01  0.129509D-01
  0.150438D+03  0.143791D+00  0.102271D+01  0.129399D-01
  0.150492D+03  0.143095D+00  0.104312D+01  0.129289D-01
  0.150546D+03  0.142412D+00  0.106413D+01  0.129179D-01
  0.150601D+03  0.141743D+00  0.108578D+01  0.129070D-01
  0.150655D+03  0.141088D+00  0.110808D+01  0.128960D-01
  0.150709D+03  0.140446D+00  0.113107D+01  0.128851D-01
  0.150764D+03  0.139819D+00  0.115477D+01  0.128742D-01
  0.150818D+03  0.139205D+00  0.117922D+01  0.128633D-01
  0.150873D+03  0.138605D+00  0.120443D+01  0.128524D-01
  0.150927D+03  0.138019D+00  0.123045D+01  0.128415D-01
  0.150981D+03  0.137448D+00  0.125731D+01  0.128307D-01
  0.151036D+03  0.136891D+00  0.128504D+01  0.128198D-01
  0.151090D+03  0.136349D+00  0.131368D+01  0.128090D-01
  0.151144D+03  0.135822D+00  0.134327D+01  0.127982D-01
  0.151199D+03  0.135309D+00  0.137385D+01  0.127874D-01
  0.151253D+03  0.134812D+00  0.140547D+01  0.127766D-01
  0.151307D+03  0.134331D+00  0.143817D+01  0.127658D-01
  0.151362D+03  0.133865D+00  0.147199D+01  0.127551D-01
  0.151416D+03  0.133416D+00  0.150700D+01  0.127443D-01
  0.151470D+03  0.132983D+00  0.154324D+01  0.127336D-01
  0.151525D+03  0.132566D+00  0.158078D+01  0.127229D-01
  0.151579D+03  0.132167D+00  0.161967D+01  0.127122D-01
  0.151633D+03  0.131785D+00  0.165997D+01  0.127015D-01
  0.151688D+03  0.131421D+00  0.170175D+01  0.126908D-01
  0.151742D+03  0.131075D+00  0.174509D+01  0.126802D-01
  0.151796D+03  0.130748D+00  0.179006D+01  0.126695D-01
  0.151851D+03  0.130440D+00  0.183674D+01  0.126589D-01
  0.151905D+03  0.130151D+00  0.188521D+01  0.126483D-01
  0.151960D+03  0.129883D+00  0.193557D+01  0.126377D-01
  0.152014D+03  0.129636D+00  0.198791D+01  0.126271D-01
  0.152068D+03  0.129410D+00  0.204232D+01  0.126165D-01
  0.152123D+03  0.129206D+00  0.209892D+01  0.126060D-01
  0.152177D+03  0.129025D+00  0.215783D+01  0.125954D-01
  0.152231D+03  0.128868D+00  0.221915D+01  0.125849D-01
  0.152286D+03  0.128736D+00  0.228302D+01  0.125744D-01
  0.152340D+03  0.128628D+00  0.234959D+01  0.125639D-01
  0.152394D+03  0.128547D+00  0.241898D+01  0.125534D-01
  0.152449D+03  0.128493D+00  0.249136D+01  0.125429D-01
  0.152503D+03  0.128468D+00  0.256689D+01  0.125324D-01
  0.152557D+03  0.128471D+00  0.264574D+01  0.125220D-01
  0.152612D+03  0.128506D+00  0.272811D+01  0.125115D-01
  0.152666D+03  0.128572D+00  0.281420D+01  0.125011D-01
  0.152720D+03  0.128672D+00  0.290420D+01  0.124907D-01
  0.152775D+03  0.128807D+00  0.299836D+01  0.124803D-01
  0.152829D+03  0.128977D+00  0.309692D+01  0.124699D-01
  0.152883D+03  0.129186D+00  0.320013D+01  0.124595D-01
  0.152938D+03  0.129435D+00  0.330826D+01  0.124492D-01
  0.152992D+03  0.129725D+00  0.342162D+01  0.124388D-01
  0.153046D+03  0.130059D+00  0.354051D+01  0.124285D-01
  0.153101D+03  0.130438D+00  0.366527D+01  0.124182D-01
  0.153155D+03  0.130866D+00  0.379627D+01  0.124079D-01
  0.153210D+03  0.131344D+00  0.393387D+01  0.123976D-01
  0.153264D+03  0.131875D+00  0.407849D+01  0.123873D-01
  0.153318D+03  0.132462D+00  0.423057D+01  0.123770D-01
  0.153373D+03  0.133107D+00  0.439056D+01  0.123668D-01
  0.153427D+03  0.133815D+00  0.455896D+01  0.123566D-01
  0.153481D+03  0.134587D+00  0.473630D+01  0.123463D-01
  0.153536D+03  0.135428D+00  0.492313D+01  0.123361D-01
  0.153590D+03  0.136340D+00  0.512004D+01  0.123259D-01
  0.153644D+03  0.137329D+00  0.532767D+01  0.123157D-01
  0.153699D+03  0.138397D+00  0.554666D+01  0.123056D-01
  0.153753D+03  0.139549D+00  0.577773D+01  0.122954D-01
  0.153807D+03  0.140790D+00  0.602160D+01  0.122853D-01
  0.153862D+03  0.142123D+00  0.627904D+01  0.122751D-01
  0.153916D+03  0.143554D+00  0.655086D+01  0.122650D-01
  0.153970D+03  0.145086D+00  0.683786D+01  0.122549D-01
  0.154025D+03  0.146725D+00  0.714092D+01  0.122448D-01
  0.154079D+03  0.148475D+00  0.746088D+01  0.122347D-01
  0.154133D+03  0.150340D+00  0.779862D+01  0.122247D-01
  0.154188D+03  0.152326D+00  0.815500D+01  0.122146D-01
  0.154242D+03  0.154436D+00  0.853086D+01  0.122046D-01
  0.154297D+03  0.156673D+00  0.892699D+01  0.121945D-01
  0.154351D+03  0.159040D+00  0.934410D+01  0.121845D-01
  0.154405D+03  0.161538D+00  0.978282D+01  0.121745D-01
  0.154460D+03  0.164169D+00  0.102436D+02  0.121645D-01
  0.154514D+03  0.166931D+00  0.107268D+02  0.121545D-01
  0.154568D+03  0.169822D+00  0.112323D+02  0.121446D-01
  0.154623D+03  0.172836D+00  0.117599D+02  0.121346D-01
  0.154677D+03  0.175964D+00  0.123090D+02  0.121247D-01
  0.154731D+03  0.179196D+00  0.128783D+02  0.121147D-01
  0.154786D+03  0.182515D+00  0.134663D+02  0.121048D-01
  0.154840D+03  0.185903D+00  0.140705D+02  0.120949D-01
  0.154894D+03  0.189333D+00  0.146879D+02  0.120850D-01
  0.154949D+03  0.192776D+00  0.153146D+02  0.120752D-01
  0.155003D+03  0.196196D+00  0.159457D+02  0.120653D-01
  0.155057D+03  0.199550D+00  0.165756D+02  0.120554D-01
  0.155112D+03  0.202791D+00  0.171973D+02  0.120456D-01
  0.155166D+03  0.205865D+00  0.178035D+02  0.120358D-01
  0.155220D+03  0.208716D+00  0.183854D+02  0.120260D-01
  0.155275D+03  0.211282D+00  0.189342D+02  0.120162D-01
  0.155329D+03  0.213503D+00  0.194401D+02  0.120064D-01
  0.155383D+03  0.215318D+00  0.198937D+02  0.119966D-01
  0.155438D+03  0.216671D+00  0.202856D+02  0.119868D-01
  0.155492D+03  0.217511D+00  0.206071D+02  0.119771D-01
  0.155547D+03  0.217799D+00  0.208510D+02  0.119673D-01
  0.155601D+03  0.217506D+00  0.210111D+02  0.119576D-01
  0.155655D+03  0.216617D+00  0.210836D+02  0.119479D-01
  0.155710D+03  0.215131D+00  0.210666D+02  0.119382D-01
  0.155764D+03  0.213065D+00  0.209606D+02  0.119285D-01
  0.155818D+03  0.210449D+00  0.207681D+02  0.119188D-01
  0.155873D+03  0.207324D+00  0.204939D+02  0.119091D-01
  0.155927D+03  0.203745D+00  0.201446D+02  0.118995D-01
  0.155981D+03  0.199773D+00  0.197280D+02  0.118898D-01
  0.156036D+03  0.195473D+00  0.192531D+02  0.118802D-01
  0.156090D+03  0.190913D+00  0.187294D+02  0.118706D-01
  0.156144D+03  0.186161D+00  0.181665D+02  0.118610D-01
  0.156199D+03  0.181280D+00  0.175738D+02  0.118514D-01
  0.156253D+03  0.176330D+00  0.169601D+02  0.118418D-01
  0.156307D+03  0.171362D+00  0.163338D+02  0.118322D-01
  0.156362D+03  0.166422D+00  0.157021D+02  0.118227D-01
  0.156416D+03  0.161551D+00  0.150713D+02  0.118131D-01
  0.156470D+03  0.156780D+00  0.144469D+02  0.118036D-01
  0.156525D+03  0.152134D+00  0.138334D+02  0.117941D-01
  0.156579D+03  0.147633D+00  0.132343D+02  0.117845D-01
  0.156634D+03  0.143291D+00  0.126526D+02  0.117750D-01
  0.156688D+03  0.139118D+00  0.120901D+02  0.117655D-01
  0.156742D+03  0.135120D+00  0.115485D+02  0.117561D-01
  0.156797D+03  0.131298D+00  0.110287D+02  0.117466D-01
  0.156851D+03  0.127653D+00  0.105311D+02  0.117372D-01
  0.156905D+03  0.124183D+00  0.100560D+02  0.117277D-01
  0.156960D+03  0.120883D+00  0.960321D+01  0.117183D-01
  0.157014D+03  0.117748D+00  0.917238D+01  0.117089D-01
  0.157068D+03  0.114773D+00  0.876297D+01  0.116995D-01
  0.157123D+03  0.111951D+00  0.837433D+01  0.116901D-01
  0.157177D+03  0.109274D+00  0.800569D+01  0.116807D-01
  0.157231D+03  0.106736D+00  0.765625D+01  0.116713D-01
  0.157286D+03  0.104329D+00  0.732516D+01  0.116620D-01
  0.157340D+03  0.102046D+00  0.701155D+01  0.116526D-01
  0.157394D+03  0.998813D-01  0.671454D+01  0.116433D-01
  0.157449D+03  0.978266D-01  0.643328D+01  0.116339D-01
  0.157503D+03  0.958760D-01  0.616692D+01  0.116246D-01
  0.157557D+03  0.940231D-01  0.591464D+01  0.116153D-01
  0.157612D+03  0.922621D-01  0.567566D+01  0.116060D-01
  0.157666D+03  0.905874D-01  0.544922D+01  0.115968D-01
  0.157720D+03  0.889936D-01  0.523459D+01  0.115875D-01
  0.157775D+03  0.874757D-01  0.503110D+01  0.115782D-01
  0.157829D+03  0.860290D-01  0.483809D+01  0.115690D-01
  0.157884D+03  0.846493D-01  0.465494D+01  0.115598D-01
  0.157938D+03  0.833322D-01  0.448108D+01  0.115505D-01
  0.157992D+03  0.820739D-01  0.431596D+01  0.115413D-01
  0.158047D+03  0.808709D-01  0.415907D+01  0.115321D-01
  0.158101D+03  0.797197D-01  0.400992D+01  0.115230D-01
  0.158155D+03  0.786173D-01  0.386806D+01  0.115138D-01
  0.158210D+03  0.775606D-01  0.373307D+01  0.115046D-01
  0.158264D+03  0.765470D-01  0.360455D+01  0.114955D-01
  0.158318D+03  0.755739D-01  0.348212D+01  0.114863D-01
  0.158373D+03  0.746388D-01  0.336544D+01  0.114772D-01
  0.158427D+03  0.737396D-01  0.325417D+01  0.114681D-01
  0.158481D+03  0.728743D-01  0.314802D+01  0.114590D-01
  0.158536D+03  0.720407D-01  0.304668D+01  0.114499D-01
  0.158590D+03  0.712373D-01  0.294991D+01  0.114408D-01
  0.158644D+03  0.704622D-01  0.285743D+01  0.114317D-01
  0.158699D+03  0.697139D-01  0.276902D+01  0.114227D-01
  0.158753D+03  0.689910D-01  0.268446D+01  0.114136D-01
  0.158807D+03  0.682920D-01  0.260353D+01  0.114046D-01
  0.158862D+03  0.676156D-01  0.252604D+01  0.113955D-01
  0.158916D+03  0.669608D-01  0.245181D+01  0.113865D-01
  0.158971D+03  0.663262D-01  0.238067D+01  0.113775D-01
  0.159025D+03  0.657110D-01  0.231245D+01  0.113685D-01
  0.159079D+03  0.651140D-01  0.224701D+01  0.113595D-01
  0.159134D+03  0.645345D-01  0.218421D+01  0.113506D-01
  0.159188D+03  0.639714D-01  0.212390D+01  0.113416D-01
  0.159242D+03  0.634241D-01  0.206597D+01  0.113326D-01
  0.159297D+03  0.628916D-01  0.201029D+01  0.113237D-01
  0.159351D+03  0.623734D-01  0.195676D+01  0.113148D-01
  0.159405D+03  0.618688D-01  0.190527D+01  0.113059D-01
  0.159460D+03  0.613770D-01  0.185572D+01  0.112969D-01
  0.159514D+03  0.608976D-01  0.180802D+01  0.112881D-01
  0.159568D+03  0.604299D-01  0.176208D+01  0.112792D-01
  0.159623D+03  0.599734D-01  0.171782D+01  0.112703D-01
  0.159677D+03  0.595277D-01  0.167515D+01  0.112614D-01
  0.159731D+03  0.590922D-01  0.163401D+01  0.112526D-01
  0.159786D+03  0.586665D-01  0.159433D+01  0.112437D-01
  0.159840D+03  0.582502D-01  0.155604D+01  0.112349D-01
  0.159894D+03  0.578429D-01  0.151907D+01  0.112261D-01
  0.159949D+03  0.574442D-01  0.148338D+01  0.112173D-01
  0.160003D+03  0.570539D-01  0.144890D+01  0.112085D-01
  0.160057D+03  0.566714D-01  0.141557D+01  0.111997D-01
  0.160112D+03  0.562966D-01  0.138336D+01  0.111909D-01
  0.160166D+03  0.559291D-01  0.135221D+01  0.111821D-01
  0.160221D+03  0.555686D-01  0.132207D+01  0.111734D-01
  0.160275D+03  0.552149D-01  0.129291D+01  0.111646D-01
  0.160329D+03  0.548678D-01  0.126469D+01  0.111559D-01
  0.160384D+03  0.545269D-01  0.123736D+01  0.111472D-01
  0.160438D+03  0.541920D-01  0.121088D+01  0.111385D-01
  0.160492D+03  0.538630D-01  0.118524D+01  0.111298D-01
  0.160547D+03  0.535396D-01  0.116038D+01  0.111211D-01
  0.160601D+03  0.532216D-01  0.113628D+01  0.111124D-01
  0.160655D+03  0.529089D-01  0.111291D+01  0.111037D-01
  0.160710D+03  0.526012D-01  0.109024D+01  0.110950D-01
  0.160764D+03  0.522984D-01  0.106824D+01  0.110864D-01
  0.160818D+03  0.520003D-01  0.104689D+01  0.110778D-01
  0.160873D+03  0.517068D-01  0.102617D+01  0.110691D-01
  0.160927D+03  0.514177D-01  0.100604D+01  0.110605D-01
  0.160981D+03  0.511329D-01  0.986491D+00  0.110519D-01
  0.161036D+03  0.508522D-01  0.967496D+00  0.110433D-01
  0.161090D+03  0.505756D-01  0.949036D+00  0.110347D-01
  0.161144D+03  0.503028D-01  0.931091D+00  0.110261D-01
  0.161199D+03  0.500339D-01  0.913643D+00  0.110176D-01
  0.161253D+03  0.497686D-01  0.896673D+00  0.110090D-01
  0.161308D+03  0.495069D-01  0.880164D+00  0.110005D-01
  0.161362D+03  0.492486D-01  0.864101D+00  0.109919D-01
  0.161416D+03  0.489937D-01  0.848468D+00  0.109834D-01
  0.161471D+03  0.487420D-01  0.833249D+00  0.109749D-01
  0.161525D+03  0.484936D-01  0.818431D+00  0.109664D-01
  0.161579D+03  0.482482D-01  0.803999D+00  0.109579D-01
  0.161634D+03  0.480058D-01  0.789940D+00  0.109494D-01
  0.161688D+03  0.477664D-01  0.776242D+00  0.109409D-01
  0.161742D+03  0.475298D-01  0.762893D+00  0.109324D-01
  0.161797D+03  0.472960D-01  0.749881D+00  0.109240D-01
  0.161851D+03  0.470649D-01  0.737196D+00  0.109155D-01
  0.161905D+03  0.468365D-01  0.724825D+00  0.109071D-01
  0.161960D+03  0.466106D-01  0.712760D+00  0.108987D-01
  0.162014D+03  0.463872D-01  0.700990D+00  0.108903D-01
  0.162068D+03  0.461663D-01  0.689506D+00  0.108819D-01
  0.162123D+03  0.459478D-01  0.678298D+00  0.108735D-01
  0.162177D+03  0.457316D-01  0.667359D+00  0.108651D-01
  0.162231D+03  0.455177D-01  0.656679D+00  0.108567D-01
  0.162286D+03  0.453060D-01  0.646251D+00  0.108483D-01
  0.162340D+03  0.450966D-01  0.636067D+00  0.108400D-01
  0.162395D+03  0.448892D-01  0.626119D+00  0.108316D-01
  0.162449D+03  0.446840D-01  0.616401D+00  0.108233D-01
  0.162503D+03  0.444808D-01  0.606904D+00  0.108150D-01
  0.162558D+03  0.442795D-01  0.597624D+00  0.108067D-01
  0.162612D+03  0.440803D-01  0.588552D+00  0.107984D-01
  0.162666D+03  0.438830D-01  0.579684D+00  0.107901D-01
  0.162721D+03  0.436875D-01  0.571012D+00  0.107818D-01
  0.162775D+03  0.434939D-01  0.562532D+00  0.107735D-01
  0.162829D+03  0.433021D-01  0.554238D+00  0.107652D-01
  0.162884D+03  0.431120D-01  0.546124D+00  0.107570D-01
  0.162938D+03  0.429237D-01  0.538186D+00  0.107487D-01
  0.162992D+03  0.427371D-01  0.530418D+00  0.107405D-01
  0.163047D+03  0.425522D-01  0.522815D+00  0.107323D-01
  0.163101D+03  0.423689D-01  0.515374D+00  0.107241D-01
  0.163155D+03  0.421872D-01  0.508089D+00  0.107159D-01
  0.163210D+03  0.420071D-01  0.500956D+00  0.107077D-01
  0.163264D+03  0.418286D-01  0.493971D+00  0.106995D-01
  0.163318D+03  0.416515D-01  0.487130D+00  0.106913D-01
  0.163373D+03  0.414760D-01  0.480428D+00  0.106831D-01
  0.163427D+03  0.413019D-01  0.473864D+00  0.106750D-01
  0.163481D+03  0.411293D-01  0.467432D+00  0.106668D-01
  0.163536D+03  0.409581D-01  0.461128D+00  0.106587D-01
  0.163590D+03  0.407883D-01  0.454951D+00  0.106505D-01
  0.163645D+03  0.406199D-01  0.448896D+00  0.106424D-01
  0.163699D+03  0.404528D-01  0.442960D+00  0.106343D-01
  0.163753D+03  0.402871D-01  0.437141D+00  0.106262D-01
  0.163808D+03  0.401227D-01  0.431434D+00  0.106181D-01
  0.163862D+03  0.399595D-01  0.425838D+00  0.106100D-01
  0.163916D+03  0.397976D-01  0.420349D+00  0.106020D-01
  0.163971D+03  0.396370D-01  0.414965D+00  0.105939D-01
  0.164025D+03  0.394776D-01  0.409684D+00  0.105859D-01
  0.164079D+03  0.393194D-01  0.404501D+00  0.105778D-01
  0.164134D+03  0.391625D-01  0.399416D+00  0.105698D-01
  0.164188D+03  0.390066D-01  0.394425D+00  0.105618D-01
  0.164242D+03  0.388520D-01  0.389527D+00  0.105537D-01
  0.164297D+03  0.386985D-01  0.384719D+00  0.105457D-01
  0.164351D+03  0.385461D-01  0.379999D+00  0.105377D-01
  0.164405D+03  0.383948D-01  0.375365D+00  0.105298D-01
  0.164460D+03  0.382447D-01  0.370814D+00  0.105218D-01
  0.164514D+03  0.380956D-01  0.366346D+00  0.105138D-01
  0.164568D+03  0.379475D-01  0.361957D+00  0.105058D-01
  0.164623D+03  0.378005D-01  0.357646D+00  0.104979D-01
  0.164677D+03  0.376546D-01  0.353411D+00  0.104900D-01
  0.164732D+03  0.375097D-01  0.349250D+00  0.104820D-01
  0.164786D+03  0.373658D-01  0.345163D+00  0.104741D-01
  0.164840D+03  0.372228D-01  0.341146D+00  0.104662D-01
  0.164895D+03  0.370809D-01  0.337198D+00  0.104583D-01
  0.164949D+03  0.369399D-01  0.333319D+00  0.104504D-01
  0.165003D+03  0.367999D-01  0.329505D+00  0.104425D-01
  0.165058D+03  0.366609D-01  0.325756D+00  0.104346D-01
  0.165112D+03  0.365228D-01  0.322071D+00  0.104268D-01
  0.165166D+03  0.363856D-01  0.318447D+00  0.104189D-01
  0.165221D+03  0.362493D-01  0.314884D+00  0.104111D-01
  0.165275D+03  0.361139D-01  0.311380D+00  0.104032D-01
  0.165329D+03  0.359794D-01  0.307934D+00  0.103954D-01
  0.165384D+03  0.358458D-01  0.304545D+00  0.103876D-01
  0.165438D+03  0.357131D-01  0.301211D+00  0.103798D-01
  0.165492D+03  0.355812D-01  0.297931D+00  0.103720D-01
  0.165547D+03  0.354501D-01  0.294705D+00  0.103642D-01
  0.165601D+03  0.353199D-01  0.291530D+00  0.103564D-01
  0.165655D+03  0.351906D-01  0.288406D+00  0.103486D-01
  0.165710D+03  0.350620D-01  0.285332D+00  0.103408D-01
  0.165764D+03  0.349343D-01  0.282306D+00  0.103331D-01
  0.165818D+03  0.348074D-01  0.279328D+00  0.103253D-01
  0.165873D+03  0.346812D-01  0.276397D+00  0.103176D-01
  0.165927D+03  0.345559D-01  0.273511D+00  0.103099D-01
  0.165982D+03  0.344313D-01  0.270671D+00  0.103022D-01
  0.166036D+03  0.343075D-01  0.267874D+00  0.102944D-01
  0.166090D+03  0.341845D-01  0.265120D+00  0.102867D-01
  0.166145D+03  0.340622D-01  0.262408D+00  0.102790D-01
  0.166199D+03  0.339406D-01  0.259737D+00  0.102714D-01
  0.166253D+03  0.338198D-01  0.257107D+00  0.102637D-01
  0.166308D+03  0.336997D-01  0.254517D+00  0.102560D-01
  0.166362D+03  0.335804D-01  0.251965D+00  0.102484D-01
  0.166416D+03  0.334617D-01  0.249451D+00  0.102407D-01
  0.166471D+03  0.333438D-01  0.246975D+00  0.102331D-01
  0.166525D+03  0.332266D-01  0.244535D+00  0.102254D-01
  0.166579D+03  0.331100D-01  0.242131D+00  0.102178D-01
  0.166634D+03  0.329942D-01  0.239762D+00  0.102102D-01
  0.166688D+03  0.328790D-01  0.237427D+00  0.102026D-01
  0.166742D+03  0.327645D-01  0.235127D+00  0.101950D-01
  0.166797D+03  0.326507D-01  0.232860D+00  0.101874D-01
  0.166851D+03  0.325375D-01  0.230625D+00  0.101798D-01
  0.166905D+03  0.324250D-01  0.228422D+00  0.101723D-01
  0.166960D+03  0.323131D-01  0.226250D+00  0.101647D-01
  0.167014D+03  0.322018D-01  0.224109D+00  0.101571D-01
  0.167069D+03  0.320912D-01  0.221998D+00  0.101496D-01
  0.167123D+03  0.319813D-01  0.219917D+00  0.101421D-01
  0.167177D+03  0.318719D-01  0.217865D+00  0.101345D-01
  0.167232D+03  0.317632D-01  0.215842D+00  0.101270D-01
  0.167286D+03  0.316551D-01  0.213846D+00  0.101195D-01
  0.167340D+03  0.315476D-01  0.211878D+00  0.101120D-01
  0.167395D+03  0.314407D-01  0.209937D+00  0.101045D-01
  0.167449D+03  0.313343D-01  0.208022D+00  0.100970D-01
  0.167503D+03  0.312286D-01  0.206133D+00  0.100895D-01
  0.167558D+03  0.311235D-01  0.204270D+00  0.100821D-01
  0.167612D+03  0.310189D-01  0.202432D+00  0.100746D-01
  0.167666D+03  0.309149D-01  0.200619D+00  0.100672D-01
  0.167721D+03  0.308115D-01  0.198829D+00  0.100597D-01
  0.167775D+03  0.307087D-01  0.197064D+00  0.100523D-01
  0.167829D+03  0.306064D-01  0.195322D+00  0.100449D-01
  0.167884D+03  0.305046D-01  0.193603D+00  0.100375D-01
  0.167938D+03  0.304035D-01  0.191906D+00  0.100301D-01
  0.167992D+03  0.303028D-01  0.190232D+00  0.100227D-01
  0.168047D+03  0.302027D-01  0.188579D+00  0.100153D-01
  0.168101D+03  0.301032D-01  0.186948D+00  0.100079D-01
  0.168155D+03  0.300041D-01  0.185337D+00  0.100005D-01
  0.168210D+03  0.299056D-01  0.183748D+00  0.999314D-02
  0.168264D+03  0.298077D-01  0.182178D+00  0.998579D-02
  0.168319D+03  0.297102D-01  0.180629D+00  0.997844D-02
  0.168373D+03  0.296133D-01  0.179099D+00  0.997110D-02
  0.168427D+03  0.295168D-01  0.177589D+00  0.996377D-02
  0.168482D+03  0.294209D-01  0.176098D+00  0.995644D-02
  0.168536D+03  0.293255D-01  0.174625D+00  0.994913D-02
  0.168590D+03  0.292305D-01  0.173171D+00  0.994182D-02
  0.168645D+03  0.291361D-01  0.171734D+00  0.993452D-02
  0.168699D+03  0.290422D-01  0.170316D+00  0.992723D-02
  0.168753D+03  0.289487D-01  0.168915D+00  0.991995D-02
  0.168808D+03  0.288557D-01  0.167531D+00  0.991268D-02
  0.168862D+03  0.287633D-01  0.166164D+00  0.990541D-02
  0.168916D+03  0.286712D-01  0.164814D+00  0.989816D-02
  0.168971D+03  0.285797D-01  0.163480D+00  0.989091D-02
  0.169025D+03  0.284886D-01  0.162162D+00  0.988367D-02
  0.169079D+03  0.283980D-01  0.160860D+00  0.987643D-02
  0.169134D+03  0.283078D-01  0.159573D+00  0.986921D-02
  0.169188D+03  0.282181D-01  0.158302D+00  0.986199D-02
  0.169242D+03  0.281289D-01  0.157046D+00  0.985479D-02
  0.169297D+03  0.280401D-01  0.155805D+00  0.984759D-02
  0.169351D+03  0.279517D-01  0.154579D+00  0.984039D-02
  0.169406D+03  0.278638D-01  0.153367D+00  0.983321D-02
  0.169460D+03  0.277764D-01  0.152169D+00  0.982604D-02
  0.169514D+03  0.276893D-01  0.150985D+00  0.981887D-02
  0.169569D+03  0.276027D-01  0.149815D+00  0.981171D-02
  0.169623D+03  0.275166D-01  0.148658D+00  0.980456D-02
  0.169677D+03  0.274308D-01  0.147515D+00  0.979741D-02
  0.169732D+03  0.273455D-01  0.146384D+00  0.979028D-02
  0.169786D+03  0.272606D-01  0.145267D+00  0.978315D-02
  0.169840D+03  0.271761D-01  0.144162D+00  0.977604D-02
  0.169895D+03  0.270921D-01  0.143070D+00  0.976892D-02
  0.169949D+03  0.270084D-01  0.141991D+00  0.976182D-02
