  0.120002D+03  0.930912D-02  0.000000D+00  0.930912D-02  0.413897D-02
  0.120057D+03  0.938153D-02  0.000000D+00  0.938153D-02  0.418169D-02
  0.120111D+03  0.945477D-02  0.000000D+00  0.945477D-02  0.422499D-02
  0.120165D+03  0.952884D-02 -0.433681D-18  0.952884D-02  0.426887D-02
  0.120220D+03  0.960376D-02  0.000000D+00  0.960376D-02  0.431335D-02
  0.120274D+03  0.967954D-02  0.000000D+00  0.967954D-02  0.435843D-02
  0.120328D+03  0.975619D-02 -0.867362D-18  0.975619D-02  0.440413D-02
  0.120383D+03  0.983374D-02  0.000000D+00  0.983374D-02  0.445046D-02
  0.120437D+03  0.991218D-02  0.867362D-18  0.991218D-02  0.449742D-02
  0.120492D+03  0.999153D-02  0.433681D-18  0.999153D-02  0.454503D-02
  0.120546D+03  0.100718D-01 -0.867362D-18  0.100718D-01  0.459331D-02
  0.120600D+03  0.101531D-01 -0.130104D-17  0.101531D-01  0.464225D-02
  0.120655D+03  0.102352D-01  0.000000D+00  0.102352D-01  0.469187D-02
  0.120709D+03  0.103184D-01  0.000000D+00  0.103184D-01  0.474219D-02
  0.120763D+03  0.104025D-01  0.867362D-18  0.104025D-01  0.479322D-02
  0.120818D+03  0.104877D-01  0.000000D+00  0.104877D-01  0.484496D-02
  0.120872D+03  0.105739D-01 -0.433681D-18  0.105739D-01  0.489743D-02
  0.120926D+03  0.106611D-01  0.130104D-17  0.106611D-01  0.495065D-02
  0.120981D+03  0.107493D-01  0.433681D-18  0.107493D-01  0.500463D-02
  0.121035D+03  0.108386D-01  0.433681D-18  0.108386D-01  0.505938D-02
  0.121089D+03  0.109291D-01  0.433681D-18  0.109291D-01  0.511491D-02
  0.121144D+03  0.110206D-01  0.000000D+00  0.110206D-01  0.517124D-02
  0.121198D+03  0.111132D-01  0.867362D-18  0.111132D-01  0.522839D-02
  0.121252D+03  0.112070D-01  0.000000D+00  0.112070D-01  0.528636D-02
  0.121307D+03  0.113019D-01 -0.433681D-18  0.113019D-01  0.534517D-02
  0.121361D+03  0.113980D-01 -0.433681D-18  0.113980D-01  0.540484D-02
  0.121415D+03  0.114953D-01  0.000000D+00  0.114953D-01  0.546539D-02
  0.121470D+03  0.115938D-01  0.000000D+00  0.115938D-01  0.552683D-02
  0.121524D+03  0.116936D-01  0.000000D+00  0.116936D-01  0.558917D-02
  0.121578D+03  0.117946D-01  0.000000D+00  0.117946D-01  0.565243D-02
  0.121633D+03  0.118969D-01 -0.867362D-18  0.118969D-01  0.571663D-02
  0.121687D+03  0.120005D-01  0.000000D+00  0.120005D-01  0.578180D-02
  0.121742D+03  0.121054D-01  0.000000D+00  0.121054D-01  0.584793D-02
  0.121796D+03  0.122116D-01 -0.867362D-18  0.122116D-01  0.591506D-02
  0.121850D+03  0.123192D-01  0.000000D+00  0.123192D-01  0.598320D-02
  0.121905D+03  0.124282D-01  0.000000D+00  0.124282D-01  0.605237D-02
  0.121959D+03  0.125386D-01  0.000000D+00  0.125386D-01  0.612259D-02
  0.122013D+03  0.126504D-01  0.000000D+00  0.126504D-01  0.619388D-02
  0.122068D+03  0.127637D-01  0.867362D-18  0.127637D-01  0.626627D-02
  0.122122D+03  0.128785D-01  0.000000D+00  0.128785D-01  0.633976D-02
  0.122176D+03  0.129948D-01  0.867362D-18  0.129948D-01  0.641439D-02
  0.122231D+03  0.131126D-01  0.867362D-18  0.131126D-01  0.649017D-02
  0.122285D+03  0.132320D-01  0.000000D+00  0.132320D-01  0.656713D-02
  0.122339D+03  0.133530D-01  0.867362D-18  0.133530D-01  0.664529D-02
  0.122394D+03  0.134756D-01  0.433681D-18  0.134756D-01  0.672468D-02
  0.122448D+03  0.135999D-01 -0.867362D-18  0.135999D-01  0.680531D-02
  0.122502D+03  0.137258D-01  0.000000D+00  0.137258D-01  0.688721D-02
  0.122557D+03  0.138535D-01  0.000000D+00  0.138535D-01  0.697041D-02
  0.122611D+03  0.139828D-01  0.000000D+00  0.139828D-01  0.705494D-02
  0.122665D+03  0.141140D-01  0.130104D-17  0.141140D-01  0.714081D-02
  0.122720D+03  0.142469D-01  0.867362D-18  0.142469D-01  0.722806D-02
  0.122774D+03  0.143817D-01 -0.867362D-18  0.143817D-01  0.731671D-02
  0.122829D+03  0.145184D-01  0.000000D+00  0.145184D-01  0.740680D-02
  0.122883D+03  0.146569D-01  0.867362D-18  0.146569D-01  0.749834D-02
  0.122937D+03  0.147974D-01  0.000000D+00  0.147974D-01  0.759138D-02
  0.122992D+03  0.149398D-01  0.433681D-18  0.149398D-01  0.768594D-02
  0.123046D+03  0.150843D-01 -0.867362D-18  0.150843D-01  0.778205D-02
  0.123100D+03  0.152308D-01  0.000000D+00  0.152308D-01  0.787975D-02
  0.123155D+03  0.153794D-01  0.867362D-18  0.153794D-01  0.797906D-02
  0.123209D+03  0.155301D-01  0.000000D+00  0.155301D-01  0.808002D-02
  0.123263D+03  0.156830D-01  0.000000D+00  0.156830D-01  0.818267D-02
  0.123318D+03  0.158381D-01  0.000000D+00  0.158381D-01  0.828704D-02
  0.123372D+03  0.159954D-01  0.000000D+00  0.159954D-01  0.839316D-02
  0.123426D+03  0.161550D-01  0.173472D-17  0.161550D-01  0.850109D-02
  0.123481D+03  0.163170D-01  0.867362D-18  0.163170D-01  0.861084D-02
  0.123535D+03  0.164813D-01  0.173472D-17  0.164813D-01  0.872246D-02
  0.123589D+03  0.166481D-01  0.000000D+00  0.166481D-01  0.883599D-02
  0.123644D+03  0.168173D-01  0.000000D+00  0.168173D-01  0.895147D-02
  0.123698D+03  0.169891D-01 -0.867362D-18  0.169891D-01  0.906895D-02
  0.123752D+03  0.171634D-01 -0.867362D-18  0.171634D-01  0.918847D-02
  0.123807D+03  0.173403D-01  0.000000D+00  0.173403D-01  0.931006D-02
  0.123861D+03  0.175200D-01  0.000000D+00  0.175200D-01  0.943379D-02
  0.123915D+03  0.177023D-01  0.000000D+00  0.177023D-01  0.955969D-02
  0.123970D+03  0.178874D-01  0.000000D+00  0.178874D-01  0.968781D-02
  0.124024D+03  0.180754D-01  0.000000D+00  0.180754D-01  0.981820D-02
  0.124079D+03  0.182663D-01  0.000000D+00  0.182663D-01  0.995091D-02
  0.124133D+03  0.184601D-01 -0.867362D-18  0.184601D-01  0.100860D-01
  0.124187D+03  0.186569D-01 -0.867362D-18  0.186569D-01  0.102235D-01
  0.124242D+03  0.188568D-01 -0.867362D-18  0.188568D-01  0.103635D-01
  0.124296D+03  0.190599D-01 -0.173472D-17  0.190599D-01  0.105060D-01
  0.124350D+03  0.192661D-01  0.867362D-18  0.192661D-01  0.106512D-01
  0.124405D+03  0.194756D-01  0.000000D+00  0.194756D-01  0.107989D-01
  0.124459D+03  0.196885D-01  0.000000D+00  0.196885D-01  0.109494D-01
  0.124513D+03  0.199048D-01  0.173472D-17  0.199048D-01  0.111027D-01
  0.124568D+03  0.201245D-01  0.000000D+00  0.201245D-01  0.112588D-01
  0.124622D+03  0.203478D-01  0.000000D+00  0.203478D-01  0.114179D-01
  0.124676D+03  0.205748D-01 -0.867362D-18  0.205748D-01  0.115799D-01
  0.124731D+03  0.208055D-01  0.000000D+00  0.208055D-01  0.117449D-01
  0.124785D+03  0.210399D-01  0.000000D+00  0.210399D-01  0.119131D-01
  0.124839D+03  0.212783D-01 -0.867362D-18  0.212783D-01  0.120845D-01
  0.124894D+03  0.215205D-01  0.000000D+00  0.215205D-01  0.122591D-01
  0.124948D+03  0.217669D-01  0.173472D-17  0.217669D-01  0.124371D-01
  0.125002D+03  0.220174D-01  0.000000D+00  0.220174D-01  0.126185D-01
  0.125057D+03  0.222721D-01 -0.260209D-17  0.222721D-01  0.128035D-01
  0.125111D+03  0.225311D-01  0.000000D+00  0.225311D-01  0.129920D-01
  0.125166D+03  0.227945D-01  0.260209D-17  0.227945D-01  0.131842D-01
  0.125220D+03  0.230625D-01  0.000000D+00  0.230625D-01  0.133802D-01
  0.125274D+03  0.233351D-01  0.000000D+00  0.233351D-01  0.135801D-01
  0.125329D+03  0.236124D-01  0.173472D-17  0.236124D-01  0.137839D-01
  0.125383D+03  0.238946D-01  0.867362D-18  0.238946D-01  0.139918D-01
  0.125437D+03  0.241817D-01  0.000000D+00  0.241817D-01  0.142039D-01
  0.125492D+03  0.244738D-01  0.000000D+00  0.244738D-01  0.144202D-01
  0.125546D+03  0.247712D-01  0.173472D-17  0.247712D-01  0.146409D-01
  0.125600D+03  0.250738D-01 -0.867362D-18  0.250738D-01  0.148662D-01
  0.125655D+03  0.253819D-01  0.000000D+00  0.253819D-01  0.150960D-01
  0.125709D+03  0.256955D-01  0.867362D-18  0.256955D-01  0.153305D-01
  0.125763D+03  0.260148D-01  0.173472D-17  0.260148D-01  0.155700D-01
  0.125818D+03  0.263399D-01  0.000000D+00  0.263399D-01  0.158143D-01
  0.125872D+03  0.266710D-01  0.173472D-17  0.266710D-01  0.160638D-01
  0.125926D+03  0.270082D-01 -0.173472D-17  0.270082D-01  0.163186D-01
  0.125981D+03  0.273517D-01 -0.173472D-17  0.273517D-01  0.165787D-01
  0.126035D+03  0.277015D-01  0.000000D+00  0.277015D-01  0.168443D-01
  0.126089D+03  0.280580D-01 -0.346945D-17  0.280580D-01  0.171156D-01
  0.126144D+03  0.284211D-01  0.000000D+00  0.284211D-01  0.173928D-01
  0.126198D+03  0.287912D-01  0.000000D+00  0.287912D-01  0.176759D-01
  0.126252D+03  0.291683D-01  0.000000D+00  0.291683D-01  0.179652D-01
  0.126307D+03  0.295527D-01  0.000000D+00  0.295527D-01  0.182608D-01
  0.126361D+03  0.299446D-01  0.000000D+00  0.299446D-01  0.185628D-01
  0.126416D+03  0.303440D-01  0.000000D+00  0.303440D-01  0.188716D-01
  0.126470D+03  0.307513D-01  0.173472D-17  0.307513D-01  0.191872D-01
  0.126524D+03  0.311666D-01  0.173472D-17  0.311666D-01  0.195098D-01
  0.126579D+03  0.315901D-01  0.000000D+00  0.315901D-01  0.198397D-01
  0.126633D+03  0.320221D-01  0.000000D+00  0.320221D-01  0.201770D-01
  0.126687D+03  0.324627D-01 -0.346945D-17  0.324627D-01  0.205220D-01
  0.126742D+03  0.329123D-01 -0.173472D-17  0.329123D-01  0.208749D-01
  0.126796D+03  0.333709D-01 -0.173472D-17  0.333709D-01  0.212359D-01
  0.126850D+03  0.338390D-01  0.000000D+00  0.338390D-01  0.216052D-01
  0.126905D+03  0.343167D-01  0.173472D-17  0.343167D-01  0.219831D-01
  0.126959D+03  0.348043D-01 -0.173472D-17  0.348043D-01  0.223698D-01
  0.127013D+03  0.353020D-01  0.000000D+00  0.353020D-01  0.227657D-01
  0.127068D+03  0.358103D-01  0.000000D+00  0.358103D-01  0.231709D-01
  0.127122D+03  0.363292D-01 -0.346945D-17  0.363292D-01  0.235858D-01
  0.127176D+03  0.368592D-01 -0.520417D-17  0.368592D-01  0.240106D-01
  0.127231D+03  0.374005D-01  0.173472D-17  0.374005D-01  0.244456D-01
  0.127285D+03  0.379535D-01  0.000000D+00  0.379535D-01  0.248912D-01
  0.127339D+03  0.385184D-01 -0.346945D-17  0.385184D-01  0.253476D-01
  0.127394D+03  0.390957D-01  0.000000D+00  0.390957D-01  0.258153D-01
  0.127448D+03  0.396857D-01  0.346945D-17  0.396857D-01  0.262945D-01
  0.127503D+03  0.402888D-01  0.000000D+00  0.402888D-01  0.267857D-01
  0.127557D+03  0.409053D-01  0.000000D+00  0.409053D-01  0.272891D-01
  0.127611D+03  0.415357D-01  0.000000D+00  0.415357D-01  0.278052D-01
  0.127666D+03  0.421802D-01  0.000000D+00  0.421802D-01  0.283344D-01
  0.127720D+03  0.428395D-01  0.346945D-17  0.428395D-01  0.288771D-01
  0.127774D+03  0.435138D-01  0.346945D-17  0.435138D-01  0.294337D-01
  0.127829D+03  0.442037D-01  0.000000D+00  0.442037D-01  0.300048D-01
  0.127883D+03  0.449097D-01  0.346945D-17  0.449097D-01  0.305906D-01
  0.127937D+03  0.456322D-01  0.693889D-17  0.456322D-01  0.311918D-01
  0.127992D+03  0.463717D-01  0.000000D+00  0.463717D-01  0.318089D-01
  0.128046D+03  0.471287D-01  0.693889D-17  0.471287D-01  0.324423D-01
  0.128100D+03  0.479039D-01 -0.346945D-17  0.479039D-01  0.330927D-01
  0.128155D+03  0.486977D-01 -0.346945D-17  0.486977D-01  0.337606D-01
  0.128209D+03  0.495108D-01 -0.346945D-17  0.495108D-01  0.344465D-01
  0.128263D+03  0.503438D-01 -0.346945D-17  0.503438D-01  0.351512D-01
  0.128318D+03  0.511973D-01  0.346945D-17  0.511973D-01  0.358752D-01
  0.128372D+03  0.520719D-01  0.346945D-17  0.520719D-01  0.366192D-01
  0.128426D+03  0.529685D-01  0.000000D+00  0.529685D-01  0.373839D-01
  0.128481D+03  0.538876D-01  0.000000D+00  0.538876D-01  0.381701D-01
  0.128535D+03  0.548300D-01  0.000000D+00  0.548300D-01  0.389785D-01
  0.128589D+03  0.557966D-01  0.000000D+00  0.557966D-01  0.398099D-01
  0.128644D+03  0.567880D-01  0.000000D+00  0.567880D-01  0.406651D-01
  0.128698D+03  0.578052D-01  0.000000D+00  0.578052D-01  0.415450D-01
  0.128753D+03  0.588490D-01  0.346945D-17  0.588490D-01  0.424505D-01
  0.128807D+03  0.599204D-01 -0.346945D-17  0.599204D-01  0.433824D-01
  0.128861D+03  0.610202D-01 -0.346945D-17  0.610202D-01  0.443419D-01
  0.128916D+03  0.621495D-01 -0.346945D-17  0.621495D-01  0.453299D-01
  0.128970D+03  0.633093D-01 -0.693889D-17  0.633093D-01  0.463474D-01
  0.129024D+03  0.645007D-01  0.000000D+00  0.645007D-01  0.473956D-01
  0.129079D+03  0.657247D-01  0.000000D+00  0.657247D-01  0.484757D-01
  0.129133D+03  0.669826D-01  0.000000D+00  0.669826D-01  0.495889D-01
  0.129187D+03  0.682756D-01  0.000000D+00  0.682756D-01  0.507363D-01
  0.129242D+03  0.696050D-01  0.693889D-17  0.696050D-01  0.519195D-01
  0.129296D+03  0.709720D-01 -0.693889D-17  0.709720D-01  0.531397D-01
  0.129350D+03  0.723780D-01 -0.346945D-17  0.723780D-01  0.543984D-01
  0.129405D+03  0.738246D-01 -0.693889D-17  0.738246D-01  0.556972D-01
  0.129459D+03  0.753132D-01  0.000000D+00  0.753132D-01  0.570376D-01
  0.129513D+03  0.768454D-01  0.000000D+00  0.768454D-01  0.584214D-01
  0.129568D+03  0.784229D-01  0.000000D+00  0.784229D-01  0.598502D-01
  0.129622D+03  0.800473D-01  0.000000D+00  0.800473D-01  0.613258D-01
  0.129676D+03  0.817205D-01  0.000000D+00  0.817205D-01  0.628504D-01
  0.129731D+03  0.834445D-01  0.000000D+00  0.834445D-01  0.644257D-01
  0.129785D+03  0.852210D-01  0.000000D+00  0.852210D-01  0.660541D-01
  0.129840D+03  0.870523D-01  0.000000D+00  0.870523D-01  0.677376D-01
  0.129894D+03  0.889405D-01  0.000000D+00  0.889405D-01  0.694786D-01
  0.129948D+03  0.908878D-01  0.693889D-17  0.908878D-01  0.712796D-01
  0.130003D+03  0.928967D-01  0.000000D+00  0.928967D-01  0.731432D-01
  0.130057D+03  0.949696D-01  0.000000D+00  0.949696D-01  0.750720D-01
  0.130111D+03  0.971092D-01  0.000000D+00  0.971092D-01  0.770688D-01
  0.130166D+03  0.993181D-01  0.000000D+00  0.993181D-01  0.791368D-01
  0.130220D+03  0.101599D+00  0.000000D+00  0.101599D+00  0.812789D-01
  0.130274D+03  0.103956D+00 -0.693889D-17  0.103956D+00  0.834985D-01
  0.130329D+03  0.106390D+00 -0.693889D-17  0.106390D+00  0.857991D-01
  0.130383D+03  0.108907D+00  0.693889D-17  0.108907D+00  0.881843D-01
  0.130437D+03  0.111509D+00 -0.138778D-16  0.111509D+00  0.906579D-01
  0.130492D+03  0.114199D+00 -0.138778D-16  0.114199D+00  0.932240D-01
  0.130546D+03  0.116982D+00  0.000000D+00  0.116982D+00  0.958869D-01
  0.130600D+03  0.119862D+00 -0.693889D-17  0.119862D+00  0.986509D-01
  0.130655D+03  0.122843D+00  0.693889D-17  0.122843D+00  0.101521D+00
  0.130709D+03  0.125929D+00 -0.693889D-17  0.125929D+00  0.104502D+00
  0.130763D+03  0.129125D+00 -0.138778D-16  0.129125D+00  0.107599D+00
  0.130818D+03  0.132435D+00  0.000000D+00  0.132435D+00  0.110817D+00
  0.130872D+03  0.135866D+00  0.000000D+00  0.135866D+00  0.114163D+00
  0.130926D+03  0.139422D+00  0.000000D+00  0.139422D+00  0.117643D+00
  0.130981D+03  0.143108D+00  0.000000D+00  0.143108D+00  0.121262D+00
  0.131035D+03  0.146932D+00  0.000000D+00  0.146932D+00  0.125029D+00
  0.131090D+03  0.150898D+00  0.000000D+00  0.150898D+00  0.128949D+00
  0.131144D+03  0.155014D+00  0.000000D+00  0.155014D+00  0.133030D+00
  0.131198D+03  0.159287D+00  0.000000D+00  0.159287D+00  0.137281D+00
  0.131253D+03  0.163723D+00  0.000000D+00  0.163723D+00  0.141710D+00
  0.131307D+03  0.168330D+00  0.000000D+00  0.168330D+00  0.146325D+00
  0.131361D+03  0.173115D+00  0.138778D-16  0.173115D+00  0.151136D+00
  0.131416D+03  0.178088D+00  0.000000D+00  0.178088D+00  0.156152D+00
  0.131470D+03  0.183256D+00  0.138778D-16  0.183256D+00  0.161384D+00
  0.131524D+03  0.188629D+00  0.000000D+00  0.188629D+00  0.166842D+00
  0.131579D+03  0.194217D+00  0.000000D+00  0.194217D+00  0.172538D+00
  0.131633D+03  0.200027D+00  0.000000D+00  0.200027D+00  0.178483D+00
  0.131687D+03  0.206072D+00  0.138778D-16  0.206072D+00  0.184691D+00
  0.131742D+03  0.212362D+00  0.000000D+00  0.212362D+00  0.191173D+00
  0.131796D+03  0.218907D+00  0.000000D+00  0.218907D+00  0.197944D+00
  0.131850D+03  0.225719D+00  0.000000D+00  0.225719D+00  0.205018D+00
  0.131905D+03  0.232810D+00  0.138778D-16  0.232810D+00  0.212409D+00
  0.131959D+03  0.240192D+00  0.000000D+00  0.240192D+00  0.220133D+00
  0.132013D+03  0.247878D+00 -0.277556D-16  0.247878D+00  0.228205D+00
  0.132068D+03  0.255879D+00  0.000000D+00  0.255879D+00  0.236644D+00
  0.132122D+03  0.264210D+00  0.000000D+00  0.264210D+00  0.245464D+00
  0.132177D+03  0.272884D+00  0.000000D+00  0.272884D+00  0.254685D+00
  0.132231D+03  0.281913D+00  0.000000D+00  0.281913D+00  0.264323D+00
  0.132285D+03  0.291312D+00  0.277556D-16  0.291312D+00  0.274398D+00
  0.132340D+03  0.301093D+00 -0.277556D-16  0.301093D+00  0.284928D+00
  0.132394D+03  0.311269D+00 -0.277556D-16  0.311269D+00  0.295931D+00
  0.132448D+03  0.321853D+00  0.000000D+00  0.321853D+00  0.307426D+00
  0.132503D+03  0.332857D+00  0.000000D+00  0.332857D+00  0.319431D+00
  0.132557D+03  0.344292D+00  0.000000D+00  0.344292D+00  0.331964D+00
  0.132611D+03  0.356169D+00  0.000000D+00  0.356169D+00  0.345043D+00
  0.132666D+03  0.368494D+00  0.277556D-16  0.368494D+00  0.358683D+00
  0.132720D+03  0.381276D+00  0.555112D-16  0.381276D+00  0.372898D+00
  0.132774D+03  0.394518D+00  0.000000D+00  0.394518D+00  0.387702D+00
  0.132829D+03  0.408222D+00  0.000000D+00  0.408222D+00  0.403103D+00
  0.132883D+03  0.422387D+00  0.000000D+00  0.422387D+00  0.419110D+00
  0.132937D+03  0.437007D+00  0.000000D+00  0.437007D+00  0.435726D+00
  0.132992D+03  0.452073D+00 -0.555112D-16  0.452073D+00  0.452949D+00
  0.133046D+03  0.467568D+00  0.277556D-16  0.467568D+00  0.470773D+00
  0.133100D+03  0.483473D+00  0.000000D+00  0.483473D+00  0.489185D+00
  0.133155D+03  0.499759D+00  0.555112D-16  0.499759D+00  0.508166D+00
  0.133209D+03  0.516390D+00  0.000000D+00  0.516390D+00  0.527688D+00
  0.133263D+03  0.533323D+00  0.000000D+00  0.533323D+00  0.547713D+00
  0.133318D+03  0.550504D+00  0.000000D+00  0.550504D+00  0.568194D+00
  0.133372D+03  0.567871D+00  0.000000D+00  0.567871D+00  0.589073D+00
  0.133427D+03  0.585351D+00  0.000000D+00  0.585351D+00  0.610279D+00
  0.133481D+03  0.602857D+00  0.000000D+00  0.602857D+00  0.631727D+00
  0.133535D+03  0.620296D+00  0.000000D+00  0.620296D+00  0.653321D+00
  0.133590D+03  0.637559D+00  0.000000D+00  0.637559D+00  0.674950D+00
  0.133644D+03  0.654528D+00  0.555112D-16  0.654528D+00  0.696488D+00
  0.133698D+03  0.671077D+00 -0.555112D-16  0.671077D+00  0.717797D+00
  0.133753D+03  0.687068D+00  0.000000D+00  0.687068D+00  0.738726D+00
  0.133807D+03  0.702356D+00  0.000000D+00  0.702356D+00  0.759113D+00
  0.133861D+03  0.716793D+00  0.000000D+00  0.716793D+00  0.778787D+00
  0.133916D+03  0.730227D+00  0.000000D+00  0.730227D+00  0.797572D+00
  0.133970D+03  0.742509D+00  0.000000D+00  0.742509D+00  0.815289D+00
  0.134024D+03  0.753491D+00  0.000000D+00  0.753491D+00  0.831758D+00
  0.134079D+03  0.763037D+00  0.000000D+00  0.763037D+00  0.846807D+00
  0.134133D+03  0.771020D+00  0.000000D+00  0.771020D+00  0.860273D+00
  0.134187D+03  0.777331D+00  0.000000D+00  0.777331D+00  0.872006D+00
  0.134242D+03  0.781880D+00  0.000000D+00  0.781880D+00  0.881876D+00
  0.134296D+03  0.784597D+00 -0.555112D-16  0.784597D+00  0.889775D+00
  0.134350D+03  0.785441D+00  0.000000D+00  0.785441D+00  0.895622D+00
  0.134405D+03  0.784393D+00 -0.555112D-16  0.784393D+00  0.899364D+00
  0.134459D+03  0.781466D+00  0.555112D-16  0.781466D+00  0.900976D+00
  0.134514D+03  0.776695D+00  0.111022D-15  0.776695D+00  0.900467D+00
  0.134568D+03  0.770143D+00  0.000000D+00  0.770143D+00  0.897874D+00
  0.134622D+03  0.761895D+00  0.555112D-16  0.761895D+00  0.893261D+00
  0.134677D+03  0.752059D+00  0.555112D-16  0.752059D+00  0.886720D+00
  0.134731D+03  0.740757D+00  0.000000D+00  0.740757D+00  0.878364D+00
  0.134785D+03  0.728127D+00  0.000000D+00  0.728127D+00  0.868326D+00
  0.134840D+03  0.714313D+00  0.000000D+00  0.714313D+00  0.856751D+00
  0.134894D+03  0.699469D+00  0.000000D+00  0.699469D+00  0.843797D+00
  0.134948D+03  0.683748D+00  0.000000D+00  0.683748D+00  0.829626D+00
  0.135003D+03  0.667302D+00  0.000000D+00  0.667302D+00  0.814402D+00
  0.135057D+03  0.650279D+00  0.000000D+00  0.650279D+00  0.798288D+00
  0.135111D+03  0.632820D+00 -0.555112D-16  0.632820D+00  0.781443D+00
  0.135166D+03  0.615056D+00  0.000000D+00  0.615056D+00  0.764019D+00
  0.135220D+03  0.597112D+00 -0.555112D-16  0.597112D+00  0.746157D+00
  0.135274D+03  0.579097D+00 -0.555112D-16  0.579097D+00  0.727991D+00
  0.135329D+03  0.561113D+00  0.000000D+00  0.561113D+00  0.709641D+00
  0.135383D+03  0.543246D+00  0.555112D-16  0.543246D+00  0.691217D+00
  0.135437D+03  0.525574D+00  0.000000D+00  0.525574D+00  0.672815D+00
  0.135492D+03  0.508164D+00  0.000000D+00  0.508164D+00  0.654521D+00
  0.135546D+03  0.491070D+00  0.000000D+00  0.491070D+00  0.636410D+00
  0.135600D+03  0.474339D+00 -0.555112D-16  0.474339D+00  0.618545D+00
  0.135655D+03  0.458007D+00  0.000000D+00  0.458007D+00  0.600980D+00
  0.135709D+03  0.442105D+00  0.555112D-16  0.442105D+00  0.583758D+00
  0.135764D+03  0.426653D+00  0.555112D-16  0.426653D+00  0.566916D+00
  0.135818D+03  0.411668D+00 -0.555112D-16  0.411668D+00  0.550482D+00
  0.135872D+03  0.397159D+00  0.000000D+00  0.397159D+00  0.534477D+00
  0.135927D+03  0.383133D+00 -0.555112D-16  0.383133D+00  0.518919D+00
  0.135981D+03  0.369590D+00 -0.555112D-16  0.369590D+00  0.503816D+00
  0.136035D+03  0.356529D+00 -0.277556D-16  0.356529D+00  0.489176D+00
  0.136090D+03  0.343944D+00 -0.277556D-16  0.343944D+00  0.475001D+00
  0.136144D+03  0.331829D+00  0.000000D+00  0.331829D+00  0.461289D+00
  0.136198D+03  0.320173D+00  0.000000D+00  0.320173D+00  0.448039D+00
  0.136253D+03  0.308967D+00  0.277556D-16  0.308967D+00  0.435242D+00
  0.136307D+03  0.298198D+00  0.000000D+00  0.298198D+00  0.422893D+00
  0.136361D+03  0.287853D+00  0.000000D+00  0.287853D+00  0.410981D+00
  0.136416D+03  0.277920D+00  0.000000D+00  0.277920D+00  0.399497D+00
  0.136470D+03  0.268383D+00  0.277556D-16  0.268383D+00  0.388429D+00
  0.136524D+03  0.259230D+00 -0.277556D-16  0.259230D+00  0.377766D+00
  0.136579D+03  0.250445D+00  0.000000D+00  0.250445D+00  0.367494D+00
  0.136633D+03  0.242015D+00  0.000000D+00  0.242015D+00  0.357602D+00
  0.136687D+03  0.233925D+00  0.000000D+00  0.233925D+00  0.348077D+00
  0.136742D+03  0.226163D+00  0.000000D+00  0.226163D+00  0.338906D+00
  0.136796D+03  0.218713D+00  0.000000D+00  0.218713D+00  0.330075D+00
  0.136851D+03  0.211563D+00  0.000000D+00  0.211563D+00  0.321573D+00
  0.136905D+03  0.204701D+00  0.000000D+00  0.204701D+00  0.313387D+00
  0.136959D+03  0.198113D+00  0.000000D+00  0.198113D+00  0.305505D+00
  0.137014D+03  0.191788D+00  0.000000D+00  0.191788D+00  0.297914D+00
  0.137068D+03  0.185714D+00  0.000000D+00  0.185714D+00  0.290604D+00
  0.137122D+03  0.179880D+00  0.000000D+00  0.179880D+00  0.283562D+00
  0.137177D+03  0.174275D+00  0.000000D+00  0.174275D+00  0.276778D+00
  0.137231D+03  0.168889D+00  0.000000D+00  0.168889D+00  0.270242D+00
  0.137285D+03  0.163713D+00  0.000000D+00  0.163713D+00  0.263943D+00
  0.137340D+03  0.158736D+00  0.000000D+00  0.158736D+00  0.257872D+00
  0.137394D+03  0.153950D+00  0.000000D+00  0.153950D+00  0.252018D+00
  0.137448D+03  0.149346D+00  0.000000D+00  0.149346D+00  0.246374D+00
  0.137503D+03  0.144916D+00  0.000000D+00  0.144916D+00  0.240930D+00
  0.137557D+03  0.140652D+00  0.000000D+00  0.140652D+00  0.235679D+00
  0.137611D+03  0.136547D+00  0.000000D+00  0.136547D+00  0.230611D+00
  0.137666D+03  0.132593D+00  0.000000D+00  0.132593D+00  0.225720D+00
  0.137720D+03  0.128785D+00  0.000000D+00  0.128785D+00  0.220998D+00
  0.137774D+03  0.125115D+00  0.000000D+00  0.125115D+00  0.216438D+00
  0.137829D+03  0.121577D+00  0.000000D+00  0.121577D+00  0.212034D+00
  0.137883D+03  0.118165D+00 -0.138778D-16  0.118165D+00  0.207780D+00
  0.137937D+03  0.114875D+00  0.138778D-16  0.114875D+00  0.203668D+00
  0.137992D+03  0.111700D+00 -0.138778D-16  0.111700D+00  0.199694D+00
  0.138046D+03  0.108636D+00 -0.277556D-16  0.108636D+00  0.195851D+00
  0.138101D+03  0.105678D+00  0.138778D-16  0.105678D+00  0.192135D+00
  0.138155D+03  0.102821D+00  0.000000D+00  0.102821D+00  0.188540D+00
  0.138209D+03  0.100060D+00  0.000000D+00  0.100060D+00  0.185062D+00
  0.138264D+03  0.973932D-01  0.000000D+00  0.973932D-01  0.181696D+00
  0.138318D+03  0.948147D-01  0.000000D+00  0.948147D-01  0.178438D+00
  0.138372D+03  0.923214D-01  0.000000D+00  0.923214D-01  0.175282D+00
  0.138427D+03  0.899097D-01  0.138778D-16  0.899097D-01  0.172227D+00
  0.138481D+03  0.875762D-01  0.000000D+00  0.875762D-01  0.169266D+00
  0.138535D+03  0.853177D-01  0.000000D+00  0.853177D-01  0.166398D+00
  0.138590D+03  0.831310D-01  0.000000D+00  0.831310D-01  0.163618D+00
  0.138644D+03  0.810134D-01  0.000000D+00  0.810134D-01  0.160923D+00
  0.138698D+03  0.789618D-01  0.000000D+00  0.789618D-01  0.158309D+00
  0.138753D+03  0.769738D-01 -0.138778D-16  0.769738D-01  0.155775D+00
  0.138807D+03  0.750468D-01  0.000000D+00  0.750468D-01  0.153316D+00
  0.138861D+03  0.731782D-01  0.000000D+00  0.731782D-01  0.150931D+00
  0.138916D+03  0.713659D-01  0.000000D+00  0.713659D-01  0.148615D+00
  0.138970D+03  0.696077D-01  0.000000D+00  0.696077D-01  0.146368D+00
  0.139024D+03  0.679013D-01  0.000000D+00  0.679013D-01  0.144186D+00
  0.139079D+03  0.662448D-01  0.000000D+00  0.662448D-01  0.142067D+00
  0.139133D+03  0.646363D-01  0.000000D+00  0.646363D-01  0.140009D+00
  0.139188D+03  0.630740D-01  0.000000D+00  0.630740D-01  0.138009D+00
  0.139242D+03  0.615560D-01  0.000000D+00  0.615560D-01  0.136067D+00
  0.139296D+03  0.600808D-01  0.138778D-16  0.600808D-01  0.134179D+00
  0.139351D+03  0.586466D-01  0.000000D+00  0.586466D-01  0.132343D+00
  0.139405D+03  0.572521D-01  0.000000D+00  0.572521D-01  0.130559D+00
  0.139459D+03  0.558956D-01  0.000000D+00  0.558956D-01  0.128824D+00
  0.139514D+03  0.545759D-01  0.000000D+00  0.545759D-01  0.127137D+00
  0.139568D+03  0.532916D-01  0.000000D+00  0.532916D-01  0.125496D+00
  0.139622D+03  0.520413D-01  0.693889D-17  0.520413D-01  0.123899D+00
  0.139677D+03  0.508240D-01  0.000000D+00  0.508240D-01  0.122345D+00
  0.139731D+03  0.496382D-01 -0.693889D-17  0.496382D-01  0.120833D+00
  0.139785D+03  0.484831D-01  0.000000D+00  0.484831D-01  0.119362D+00
  0.139840D+03  0.473574D-01  0.000000D+00  0.473574D-01  0.117929D+00
  0.139894D+03  0.462601D-01  0.000000D+00  0.462601D-01  0.116534D+00
  0.139948D+03  0.451902D-01 -0.693889D-17  0.451902D-01  0.115176D+00
  0.140003D+03  0.441468D-01 -0.693889D-17  0.441468D-01  0.113854D+00
  0.140057D+03  0.431290D-01  0.000000D+00  0.431290D-01  0.112565D+00
  0.140111D+03  0.421359D-01  0.000000D+00  0.421359D-01  0.111311D+00
  0.140166D+03  0.411665D-01  0.693889D-17  0.411665D-01  0.110088D+00
  0.140220D+03  0.402202D-01 -0.693889D-17  0.402202D-01  0.108897D+00
  0.140275D+03  0.392962D-01  0.000000D+00  0.392962D-01  0.107736D+00
  0.140329D+03  0.383936D-01  0.693889D-17  0.383936D-01  0.106605D+00
  0.140383D+03  0.375118D-01  0.000000D+00  0.375118D-01  0.105503D+00
  0.140438D+03  0.366501D-01  0.693889D-17  0.366501D-01  0.104428D+00
  0.140492D+03  0.358078D-01  0.000000D+00  0.358078D-01  0.103380D+00
  0.140546D+03  0.349842D-01  0.000000D+00  0.349842D-01  0.102359D+00
  0.140601D+03  0.341788D-01  0.000000D+00  0.341788D-01  0.101363D+00
  0.140655D+03  0.333910D-01  0.000000D+00  0.333910D-01  0.100392D+00
  0.140709D+03  0.326201D-01  0.000000D+00  0.326201D-01  0.994456D-01
  0.140764D+03  0.318657D-01  0.693889D-17  0.318657D-01  0.985222D-01
  0.140818D+03  0.311272D-01  0.000000D+00  0.311272D-01  0.976217D-01
  0.140872D+03  0.304041D-01  0.000000D+00  0.304041D-01  0.967435D-01
  0.140927D+03  0.296958D-01  0.000000D+00  0.296958D-01  0.958868D-01
  0.140981D+03  0.290020D-01  0.000000D+00  0.290020D-01  0.950513D-01
  0.141035D+03  0.283221D-01  0.000000D+00  0.283221D-01  0.942362D-01
  0.141090D+03  0.276558D-01  0.000000D+00  0.276558D-01  0.934411D-01
  0.141144D+03  0.270026D-01  0.000000D+00  0.270026D-01  0.926655D-01
  0.141198D+03  0.263620D-01  0.000000D+00  0.263620D-01  0.919089D-01
  0.141253D+03  0.257337D-01  0.000000D+00  0.257337D-01  0.911707D-01
  0.141307D+03  0.251173D-01 -0.693889D-17  0.251173D-01  0.904506D-01
  0.141361D+03  0.245125D-01  0.000000D+00  0.245125D-01  0.897482D-01
  0.141416D+03  0.239187D-01  0.000000D+00  0.239187D-01  0.890628D-01
  0.141470D+03  0.233359D-01  0.000000D+00  0.233359D-01  0.883943D-01
  0.141525D+03  0.227635D-01  0.000000D+00  0.227635D-01  0.877421D-01
  0.141579D+03  0.222012D-01  0.000000D+00  0.222012D-01  0.871058D-01
  0.141633D+03  0.216488D-01  0.693889D-17  0.216488D-01  0.864852D-01
  0.141688D+03  0.211059D-01  0.000000D+00  0.211059D-01  0.858798D-01
  0.141742D+03  0.205723D-01  0.693889D-17  0.205723D-01  0.852894D-01
  0.141796D+03  0.200476D-01  0.000000D+00  0.200476D-01  0.847135D-01
  0.141851D+03  0.195315D-01  0.000000D+00  0.195315D-01  0.841518D-01
  0.141905D+03  0.190239D-01  0.000000D+00  0.190239D-01  0.836041D-01
  0.141959D+03  0.185245D-01  0.000000D+00  0.185245D-01  0.830700D-01
  0.142014D+03  0.180329D-01 -0.693889D-17  0.180329D-01  0.825492D-01
  0.142068D+03  0.175490D-01  0.000000D+00  0.175490D-01  0.820415D-01
  0.142122D+03  0.170725D-01  0.000000D+00  0.170725D-01  0.815466D-01
  0.142177D+03  0.166032D-01  0.000000D+00  0.166032D-01  0.810642D-01
  0.142231D+03  0.161408D-01  0.000000D+00  0.161408D-01  0.805941D-01
  0.142285D+03  0.156852D-01  0.000000D+00  0.156852D-01  0.801361D-01
  0.142340D+03  0.152361D-01  0.000000D+00  0.152361D-01  0.796898D-01
  0.142394D+03  0.147934D-01  0.000000D+00  0.147934D-01  0.792551D-01
  0.142448D+03  0.143567D-01  0.000000D+00  0.143567D-01  0.788317D-01
  0.142503D+03  0.139260D-01  0.000000D+00  0.139260D-01  0.784195D-01
  0.142557D+03  0.135010D-01  0.000000D+00  0.135010D-01  0.780182D-01
  0.142612D+03  0.130816D-01  0.000000D+00  0.130816D-01  0.776277D-01
  0.142666D+03  0.126676D-01  0.000000D+00  0.126676D-01  0.772477D-01
  0.142720D+03  0.122587D-01  0.693889D-17  0.122587D-01  0.768780D-01
  0.142775D+03  0.118549D-01 -0.693889D-17  0.118549D-01  0.765185D-01
  0.142829D+03  0.114560D-01 -0.693889D-17  0.114560D-01  0.761690D-01
  0.142883D+03  0.110618D-01  0.693889D-17  0.110618D-01  0.758294D-01
  0.142938D+03  0.106721D-01  0.000000D+00  0.106721D-01  0.754994D-01
  0.142992D+03  0.102868D-01 -0.693889D-17  0.102868D-01  0.751790D-01
  0.143046D+03  0.990569D-02 -0.693889D-17  0.990569D-02  0.748679D-01
  0.143101D+03  0.952873D-02  0.000000D+00  0.952873D-02  0.745661D-01
  0.143155D+03  0.915570D-02  0.000000D+00  0.915570D-02  0.742734D-01
  0.143209D+03  0.878649D-02  0.693889D-17  0.878649D-02  0.739896D-01
  0.143264D+03  0.842095D-02  0.000000D+00  0.842095D-02  0.737147D-01
  0.143318D+03  0.805895D-02  0.000000D+00  0.805895D-02  0.734485D-01
  0.143372D+03  0.770035D-02  0.000000D+00  0.770035D-02  0.731908D-01
  0.143427D+03  0.734502D-02  0.693889D-17  0.734502D-02  0.729417D-01
  0.143481D+03  0.699284D-02  0.000000D+00  0.699284D-02  0.727009D-01
  0.143535D+03  0.664369D-02  0.000000D+00  0.664369D-02  0.724684D-01
  0.143590D+03  0.629743D-02  0.000000D+00  0.629743D-02  0.722440D-01
  0.143644D+03  0.595396D-02  0.000000D+00  0.595396D-02  0.720278D-01
  0.143698D+03  0.561316D-02  0.000000D+00  0.561316D-02  0.718195D-01
  0.143753D+03  0.527490D-02  0.693889D-17  0.527490D-02  0.716190D-01
  0.143807D+03  0.493908D-02  0.000000D+00  0.493908D-02  0.714264D-01
  0.143862D+03  0.460558D-02  0.000000D+00  0.460558D-02  0.712415D-01
  0.143916D+03  0.427430D-02  0.000000D+00  0.427430D-02  0.710643D-01
  0.143970D+03  0.394512D-02  0.693889D-17  0.394512D-02  0.708946D-01
  0.144025D+03  0.361794D-02  0.693889D-17  0.361794D-02  0.707324D-01
  0.144079D+03  0.329265D-02 -0.693889D-17  0.329265D-02  0.705777D-01
  0.144133D+03  0.296915D-02  0.000000D+00  0.296915D-02  0.704303D-01
  0.144188D+03  0.264734D-02  0.000000D+00  0.264734D-02  0.702902D-01
  0.144242D+03  0.232712D-02  0.000000D+00  0.232712D-02  0.701574D-01
  0.144296D+03  0.200837D-02  0.000000D+00  0.200837D-02  0.700318D-01
  0.144351D+03  0.169102D-02  0.693889D-17  0.169102D-02  0.699134D-01
  0.144405D+03  0.137495D-02  0.000000D+00  0.137495D-02  0.698021D-01
  0.144459D+03  0.106007D-02 -0.693889D-17  0.106007D-02  0.696978D-01
  0.144514D+03  0.746284D-03  0.000000D+00  0.746284D-03  0.696006D-01
  0.144568D+03  0.433499D-03  0.000000D+00  0.433499D-03  0.695103D-01
  0.144622D+03  0.121618D-03  0.000000D+00  0.121618D-03  0.694271D-01
  0.144677D+03 -0.189459D-03  0.000000D+00 -0.189459D-03  0.693507D-01
  0.144731D+03 -0.499819D-03  0.000000D+00 -0.499819D-03  0.692813D-01
  0.144785D+03 -0.809554D-03  0.000000D+00 -0.809554D-03  0.692187D-01
  0.144840D+03 -0.111876D-02  0.000000D+00 -0.111876D-02  0.691630D-01
  0.144894D+03 -0.142753D-02  0.000000D+00 -0.142753D-02  0.691141D-01
  0.144949D+03 -0.173595D-02  0.693889D-17 -0.173595D-02  0.690720D-01
  0.145003D+03 -0.204413D-02  0.000000D+00 -0.204413D-02  0.690368D-01
  0.145057D+03 -0.235214D-02 -0.693889D-17 -0.235214D-02  0.690084D-01
  0.145112D+03 -0.266008D-02  0.000000D+00 -0.266008D-02  0.689867D-01
  0.145166D+03 -0.296804D-02  0.000000D+00 -0.296804D-02  0.689718D-01
  0.145220D+03 -0.327612D-02  0.693889D-17 -0.327612D-02  0.689638D-01
  0.145275D+03 -0.358440D-02  0.000000D+00 -0.358440D-02  0.689625D-01
  0.145329D+03 -0.389297D-02  0.000000D+00 -0.389297D-02  0.689680D-01
  0.145383D+03 -0.420194D-02  0.000000D+00 -0.420194D-02  0.689804D-01
  0.145438D+03 -0.451138D-02 -0.693889D-17 -0.451138D-02  0.689995D-01
  0.145492D+03 -0.482141D-02  0.000000D+00 -0.482141D-02  0.690255D-01
  0.145546D+03 -0.513209D-02  0.000000D+00 -0.513209D-02  0.690583D-01
  0.145601D+03 -0.544355D-02  0.000000D+00 -0.544355D-02  0.690980D-01
  0.145655D+03 -0.575585D-02  0.000000D+00 -0.575585D-02  0.691446D-01
  0.145709D+03 -0.606911D-02  0.000000D+00 -0.606911D-02  0.691982D-01
  0.145764D+03 -0.638341D-02  0.000000D+00 -0.638341D-02  0.692586D-01
  0.145818D+03 -0.669885D-02  0.693889D-17 -0.669885D-02  0.693261D-01
  0.145872D+03 -0.701553D-02  0.000000D+00 -0.701553D-02  0.694006D-01
  0.145927D+03 -0.733356D-02  0.000000D+00 -0.733356D-02  0.694821D-01
  0.145981D+03 -0.765301D-02  0.000000D+00 -0.765301D-02  0.695707D-01
  0.146035D+03 -0.797401D-02  0.000000D+00 -0.797401D-02  0.696665D-01
  0.146090D+03 -0.829664D-02 -0.693889D-17 -0.829664D-02  0.697695D-01
  0.146144D+03 -0.862102D-02  0.693889D-17 -0.862102D-02  0.698797D-01
  0.146199D+03 -0.894724D-02  0.000000D+00 -0.894724D-02  0.699972D-01
  0.146253D+03 -0.927542D-02  0.693889D-17 -0.927542D-02  0.701221D-01
  0.146307D+03 -0.960565D-02  0.000000D+00 -0.960565D-02  0.702545D-01
  0.146362D+03 -0.993805D-02 -0.693889D-17 -0.993805D-02  0.703943D-01
  0.146416D+03 -0.102727D-01  0.000000D+00 -0.102727D-01  0.705416D-01
  0.146470D+03 -0.106098D-01  0.000000D+00 -0.106098D-01  0.706967D-01
  0.146525D+03 -0.109494D-01  0.000000D+00 -0.109494D-01  0.708594D-01
  0.146579D+03 -0.112916D-01  0.000000D+00 -0.112916D-01  0.710299D-01
  0.146633D+03 -0.116365D-01 -0.693889D-17 -0.116365D-01  0.712084D-01
  0.146688D+03 -0.119843D-01  0.693889D-17 -0.119843D-01  0.713947D-01
  0.146742D+03 -0.123350D-01  0.000000D+00 -0.123350D-01  0.715892D-01
  0.146796D+03 -0.126889D-01  0.000000D+00 -0.126889D-01  0.717918D-01
  0.146851D+03 -0.130460D-01  0.000000D+00 -0.130460D-01  0.720027D-01
  0.146905D+03 -0.134065D-01  0.000000D+00 -0.134065D-01  0.722220D-01
  0.146959D+03 -0.137704D-01  0.000000D+00 -0.137704D-01  0.724498D-01
  0.147014D+03 -0.141380D-01 -0.693889D-17 -0.141380D-01  0.726862D-01
  0.147068D+03 -0.145094D-01  0.000000D+00 -0.145094D-01  0.729313D-01
  0.147122D+03 -0.148847D-01  0.000000D+00 -0.148847D-01  0.731852D-01
  0.147177D+03 -0.152640D-01  0.693889D-17 -0.152640D-01  0.734482D-01
  0.147231D+03 -0.156475D-01  0.000000D+00 -0.156475D-01  0.737203D-01
  0.147286D+03 -0.160354D-01  0.693889D-17 -0.160354D-01  0.740016D-01
  0.147340D+03 -0.164278D-01  0.000000D+00 -0.164278D-01  0.742924D-01
  0.147394D+03 -0.168249D-01  0.000000D+00 -0.168249D-01  0.745928D-01
  0.147449D+03 -0.172268D-01  0.000000D+00 -0.172268D-01  0.749028D-01
  0.147503D+03 -0.176338D-01  0.693889D-17 -0.176338D-01  0.752228D-01
  0.147557D+03 -0.180459D-01 -0.693889D-17 -0.180459D-01  0.755529D-01
  0.147612D+03 -0.184634D-01  0.000000D+00 -0.184634D-01  0.758932D-01
  0.147666D+03 -0.188864D-01  0.000000D+00 -0.188864D-01  0.762440D-01
  0.147720D+03 -0.193151D-01  0.693889D-17 -0.193151D-01  0.766054D-01
  0.147775D+03 -0.197497D-01  0.000000D+00 -0.197497D-01  0.769777D-01
  0.147829D+03 -0.201905D-01  0.000000D+00 -0.201905D-01  0.773610D-01
  0.147883D+03 -0.206376D-01 -0.693889D-17 -0.206376D-01  0.777555D-01
  0.147938D+03 -0.210912D-01  0.000000D+00 -0.210912D-01  0.781616D-01
  0.147992D+03 -0.215516D-01  0.000000D+00 -0.215516D-01  0.785794D-01
  0.148046D+03 -0.220189D-01  0.000000D+00 -0.220189D-01  0.790092D-01
  0.148101D+03 -0.224935D-01  0.000000D+00 -0.224935D-01  0.794511D-01
  0.148155D+03 -0.229754D-01  0.000000D+00 -0.229754D-01  0.799056D-01
  0.148209D+03 -0.234651D-01  0.000000D+00 -0.234651D-01  0.803728D-01
  0.148264D+03 -0.239627D-01 -0.693889D-17 -0.239627D-01  0.808531D-01
  0.148318D+03 -0.244685D-01  0.693889D-17 -0.244685D-01  0.813466D-01
  0.148372D+03 -0.249827D-01  0.000000D+00 -0.249827D-01  0.818538D-01
  0.148427D+03 -0.255057D-01  0.000000D+00 -0.255057D-01  0.823750D-01
  0.148481D+03 -0.260377D-01  0.000000D+00 -0.260377D-01  0.829104D-01
  0.148536D+03 -0.265790D-01  0.000000D+00 -0.265790D-01  0.834604D-01
  0.148590D+03 -0.271300D-01  0.138778D-16 -0.271300D-01  0.840254D-01
  0.148644D+03 -0.276909D-01  0.000000D+00 -0.276909D-01  0.846057D-01
  0.148699D+03 -0.282620D-01  0.000000D+00 -0.282620D-01  0.852017D-01
  0.148753D+03 -0.288438D-01  0.000000D+00 -0.288438D-01  0.858138D-01
  0.148807D+03 -0.294366D-01  0.693889D-17 -0.294366D-01  0.864423D-01
  0.148862D+03 -0.300406D-01  0.000000D+00 -0.300406D-01  0.870878D-01
  0.148916D+03 -0.306564D-01  0.000000D+00 -0.306564D-01  0.877507D-01
  0.148970D+03 -0.312842D-01  0.000000D+00 -0.312842D-01  0.884314D-01
  0.149025D+03 -0.319246D-01  0.000000D+00 -0.319246D-01  0.891304D-01
  0.149079D+03 -0.325779D-01  0.000000D+00 -0.325779D-01  0.898481D-01
  0.149133D+03 -0.332445D-01  0.000000D+00 -0.332445D-01  0.905852D-01
  0.149188D+03 -0.339249D-01  0.693889D-17 -0.339249D-01  0.913421D-01
  0.149242D+03 -0.346196D-01  0.000000D+00 -0.346196D-01  0.921193D-01
  0.149296D+03 -0.353291D-01  0.000000D+00 -0.353291D-01  0.929175D-01
  0.149351D+03 -0.360538D-01  0.693889D-17 -0.360538D-01  0.937373D-01
  0.149405D+03 -0.367943D-01  0.693889D-17 -0.367943D-01  0.945793D-01
  0.149459D+03 -0.375512D-01  0.000000D+00 -0.375512D-01  0.954440D-01
  0.149514D+03 -0.383249D-01  0.000000D+00 -0.383249D-01  0.963323D-01
  0.149568D+03 -0.391162D-01  0.000000D+00 -0.391162D-01  0.972448D-01
  0.149623D+03 -0.399256D-01  0.000000D+00 -0.399256D-01  0.981822D-01
  0.149677D+03 -0.407537D-01  0.000000D+00 -0.407537D-01  0.991453D-01
  0.149731D+03 -0.416013D-01  0.000000D+00 -0.416013D-01  0.100135D+00
  0.149786D+03 -0.424690D-01  0.000000D+00 -0.424690D-01  0.101152D+00
  0.149840D+03 -0.433575D-01 -0.693889D-17 -0.433575D-01  0.102197D+00
  0.149894D+03 -0.442676D-01 -0.138778D-16 -0.442676D-01  0.103271D+00
  0.149949D+03 -0.452002D-01 -0.693889D-17 -0.452002D-01  0.104375D+00
  0.150003D+03 -0.461559D-01  0.000000D+00 -0.461559D-01  0.105510D+00
  0.150057D+03 -0.471357D-01  0.000000D+00 -0.471357D-01  0.106677D+00
  0.150112D+03 -0.481405D-01  0.000000D+00 -0.481405D-01  0.107878D+00
  0.150166D+03 -0.491712D-01 -0.693889D-17 -0.491712D-01  0.109112D+00
  0.150220D+03 -0.502287D-01  0.000000D+00 -0.502287D-01  0.110382D+00
  0.150275D+03 -0.513142D-01  0.693889D-17 -0.513142D-01  0.111688D+00
  0.150329D+03 -0.524286D-01  0.000000D+00 -0.524286D-01  0.113032D+00
  0.150383D+03 -0.535732D-01  0.693889D-17 -0.535732D-01  0.114416D+00
  0.150438D+03 -0.547490D-01  0.000000D+00 -0.547490D-01  0.115839D+00
  0.150492D+03 -0.559573D-01 -0.693889D-17 -0.559573D-01  0.117305D+00
  0.150546D+03 -0.571993D-01  0.000000D+00 -0.571993D-01  0.118815D+00
  0.150601D+03 -0.584765D-01 -0.138778D-16 -0.584765D-01  0.120369D+00
  0.150655D+03 -0.597902D-01  0.693889D-17 -0.597902D-01  0.121970D+00
  0.150709D+03 -0.611419D-01 -0.693889D-17 -0.611419D-01  0.123620D+00
  0.150764D+03 -0.625331D-01 -0.138778D-16 -0.625331D-01  0.125320D+00
  0.150818D+03 -0.639655D-01  0.000000D+00 -0.639655D-01  0.127072D+00
  0.150873D+03 -0.654408D-01  0.000000D+00 -0.654408D-01  0.128879D+00
  0.150927D+03 -0.669608D-01  0.000000D+00 -0.669608D-01  0.130742D+00
  0.150981D+03 -0.685274D-01  0.000000D+00 -0.685274D-01  0.132663D+00
  0.151036D+03 -0.701425D-01  0.000000D+00 -0.701425D-01  0.134646D+00
  0.151090D+03 -0.718082D-01  0.000000D+00 -0.718082D-01  0.136691D+00
  0.151144D+03 -0.735268D-01  0.000000D+00 -0.735268D-01  0.138803D+00
  0.151199D+03 -0.753004D-01 -0.138778D-16 -0.753004D-01  0.140983D+00
  0.151253D+03 -0.771317D-01  0.000000D+00 -0.771317D-01  0.143235D+00
  0.151307D+03 -0.790230D-01  0.000000D+00 -0.790230D-01  0.145561D+00
  0.151362D+03 -0.809772D-01  0.000000D+00 -0.809772D-01  0.147965D+00
  0.151416D+03 -0.829970D-01  0.000000D+00 -0.829970D-01  0.150450D+00
  0.151470D+03 -0.850856D-01 -0.138778D-16 -0.850856D-01  0.153019D+00
  0.151525D+03 -0.872459D-01 -0.138778D-16 -0.872459D-01  0.155676D+00
  0.151579D+03 -0.894814D-01  0.000000D+00 -0.894814D-01  0.158425D+00
  0.151633D+03 -0.917957D-01 -0.138778D-16 -0.917957D-01  0.161271D+00
  0.151688D+03 -0.941924D-01  0.000000D+00 -0.941924D-01  0.164216D+00
  0.151742D+03 -0.966756D-01  0.000000D+00 -0.966756D-01  0.167266D+00
  0.151796D+03 -0.992493D-01  0.000000D+00 -0.992493D-01  0.170427D+00
  0.151851D+03 -0.101918D+00  0.000000D+00 -0.101918D+00  0.173702D+00
  0.151905D+03 -0.104687D+00  0.000000D+00 -0.104687D+00  0.177097D+00
  0.151960D+03 -0.107560D+00  0.000000D+00 -0.107560D+00  0.180618D+00
  0.152014D+03 -0.110543D+00  0.277556D-16 -0.110543D+00  0.184271D+00
  0.152068D+03 -0.113641D+00  0.000000D+00 -0.113641D+00  0.188062D+00
  0.152123D+03 -0.116861D+00  0.000000D+00 -0.116861D+00  0.191998D+00
  0.152177D+03 -0.120209D+00  0.000000D+00 -0.120209D+00  0.196087D+00
  0.152231D+03 -0.123692D+00 -0.138778D-16 -0.123692D+00  0.200335D+00
  0.152286D+03 -0.127315D+00  0.000000D+00 -0.127315D+00  0.204751D+00
  0.152340D+03 -0.131088D+00  0.000000D+00 -0.131088D+00  0.209344D+00
  0.152394D+03 -0.135018D+00  0.000000D+00 -0.135018D+00  0.214122D+00
  0.152449D+03 -0.139114D+00  0.000000D+00 -0.139114D+00  0.219095D+00
  0.152503D+03 -0.143384D+00  0.000000D+00 -0.143384D+00  0.224273D+00
  0.152557D+03 -0.147839D+00 -0.138778D-16 -0.147839D+00  0.229668D+00
  0.152612D+03 -0.152489D+00  0.000000D+00 -0.152489D+00  0.235290D+00
  0.152666D+03 -0.157344D+00  0.000000D+00 -0.157344D+00  0.241151D+00
  0.152720D+03 -0.162417D+00  0.138778D-16 -0.162417D+00  0.247266D+00
  0.152775D+03 -0.167719D+00  0.000000D+00 -0.167719D+00  0.253648D+00
  0.152829D+03 -0.173265D+00  0.000000D+00 -0.173265D+00  0.260311D+00
  0.152883D+03 -0.179068D+00  0.000000D+00 -0.179068D+00  0.267271D+00
  0.152938D+03 -0.185144D+00  0.277556D-16 -0.185144D+00  0.274545D+00
  0.152992D+03 -0.191509D+00  0.000000D+00 -0.191509D+00  0.282151D+00
  0.153046D+03 -0.198179D+00  0.000000D+00 -0.198179D+00  0.290107D+00
  0.153101D+03 -0.205174D+00  0.000000D+00 -0.205174D+00  0.298434D+00
  0.153155D+03 -0.212513D+00  0.000000D+00 -0.212513D+00  0.307153D+00
  0.153210D+03 -0.220217D+00  0.000000D+00 -0.220217D+00  0.316286D+00
  0.153264D+03 -0.228309D+00 -0.277556D-16 -0.228309D+00  0.325858D+00
  0.153318D+03 -0.236811D+00  0.277556D-16 -0.236811D+00  0.335895D+00
  0.153373D+03 -0.245750D+00  0.000000D+00 -0.245750D+00  0.346423D+00
  0.153427D+03 -0.255152D+00 -0.555112D-16 -0.255152D+00  0.357471D+00
  0.153481D+03 -0.265046D+00  0.000000D+00 -0.265046D+00  0.369070D+00
  0.153536D+03 -0.275463D+00  0.000000D+00 -0.275463D+00  0.381251D+00
  0.153590D+03 -0.286435D+00  0.000000D+00 -0.286435D+00  0.394049D+00
  0.153644D+03 -0.297996D+00  0.000000D+00 -0.297996D+00  0.407500D+00
  0.153699D+03 -0.310182D+00  0.000000D+00 -0.310182D+00  0.421640D+00
  0.153753D+03 -0.323031D+00  0.277556D-16 -0.323031D+00  0.436509D+00
  0.153807D+03 -0.336583D+00  0.000000D+00 -0.336583D+00  0.452147D+00
  0.153862D+03 -0.350879D+00  0.000000D+00 -0.350879D+00  0.468597D+00
  0.153916D+03 -0.365963D+00 -0.277556D-16 -0.365963D+00  0.485901D+00
  0.153970D+03 -0.381879D+00 -0.555112D-16 -0.381879D+00  0.504104D+00
  0.154025D+03 -0.398673D+00  0.000000D+00 -0.398673D+00  0.523251D+00
  0.154079D+03 -0.416392D+00  0.000000D+00 -0.416392D+00  0.543386D+00
  0.154133D+03 -0.435083D+00  0.000000D+00 -0.435083D+00  0.564552D+00
  0.154188D+03 -0.454790D+00  0.000000D+00 -0.454790D+00  0.586792D+00
  0.154242D+03 -0.475560D+00  0.000000D+00 -0.475560D+00  0.610144D+00
  0.154297D+03 -0.497433D+00  0.111022D-15 -0.497433D+00  0.634644D+00
  0.154351D+03 -0.520447D+00 -0.555112D-16 -0.520447D+00  0.660320D+00
  0.154405D+03 -0.544635D+00 -0.555112D-16 -0.544635D+00  0.687192D+00
  0.154460D+03 -0.570018D+00  0.555112D-16 -0.570018D+00  0.715270D+00
  0.154514D+03 -0.596611D+00  0.000000D+00 -0.596611D+00  0.744550D+00
  0.154568D+03 -0.624411D+00  0.000000D+00 -0.624411D+00  0.775011D+00
  0.154623D+03 -0.653400D+00  0.000000D+00 -0.653400D+00  0.806611D+00
  0.154677D+03 -0.683538D+00  0.000000D+00 -0.683538D+00  0.839281D+00
  0.154731D+03 -0.714758D+00  0.000000D+00 -0.714758D+00  0.872924D+00
  0.154786D+03 -0.746964D+00 -0.555112D-16 -0.746964D+00  0.907407D+00
  0.154840D+03 -0.780022D+00  0.000000D+00 -0.780022D+00  0.942554D+00
  0.154894D+03 -0.813759D+00  0.555112D-16 -0.813759D+00  0.978148D+00
  0.154949D+03 -0.847955D+00  0.000000D+00 -0.847955D+00  0.101392D+01
  0.155003D+03 -0.882343D+00 -0.111022D-15 -0.882343D+00  0.104954D+01
  0.155057D+03 -0.916600D+00  0.111022D-15 -0.916600D+00  0.108465D+01
  0.155112D+03 -0.950355D+00  0.000000D+00 -0.950355D+00  0.111880D+01
  0.155166D+03 -0.983186D+00  0.000000D+00 -0.983186D+00  0.115151D+01
  0.155220D+03 -0.101463D+01  0.000000D+00 -0.101463D+01  0.118227D+01
  0.155275D+03 -0.104418D+01  0.000000D+00 -0.104418D+01  0.121053D+01
  0.155329D+03 -0.107131D+01  0.000000D+00 -0.107131D+01  0.123572D+01
  0.155383D+03 -0.109551D+01  0.000000D+00 -0.109551D+01  0.125728D+01
  0.155438D+03 -0.111626D+01  0.000000D+00 -0.111626D+01  0.127469D+01
  0.155492D+03 -0.113310D+01 -0.111022D-15 -0.113310D+01  0.128748D+01
  0.155547D+03 -0.114562D+01  0.000000D+00 -0.114562D+01  0.129527D+01
  0.155601D+03 -0.115352D+01  0.000000D+00 -0.115352D+01  0.129778D+01
  0.155655D+03 -0.115658D+01  0.111022D-15 -0.115658D+01  0.129485D+01
  0.155710D+03 -0.115472D+01  0.111022D-15 -0.115472D+01  0.128645D+01
  0.155764D+03 -0.114797D+01  0.222045D-15 -0.114797D+01  0.127272D+01
  0.155818D+03 -0.113648D+01  0.000000D+00 -0.113648D+01  0.125391D+01
  0.155873D+03 -0.112054D+01  0.000000D+00 -0.112054D+01  0.123037D+01
  0.155927D+03 -0.110050D+01  0.000000D+00 -0.110050D+01  0.120258D+01
  0.155981D+03 -0.107681D+01  0.000000D+00 -0.107681D+01  0.117109D+01
  0.156036D+03 -0.104997D+01  0.000000D+00 -0.104997D+01  0.113649D+01
  0.156090D+03 -0.102051D+01  0.000000D+00 -0.102051D+01  0.109939D+01
  0.156144D+03 -0.988948D+00 -0.111022D-15 -0.988948D+00  0.106038D+01
  0.156199D+03 -0.955813D+00  0.000000D+00 -0.955813D+00  0.102007D+01
  0.156253D+03 -0.921593D+00  0.000000D+00 -0.921593D+00  0.978968D+00
  0.156307D+03 -0.886735D+00  0.000000D+00 -0.886735D+00  0.937578D+00
  0.156362D+03 -0.851640D+00 -0.555112D-16 -0.851640D+00  0.896318D+00
  0.156416D+03 -0.816654D+00 -0.555112D-16 -0.816654D+00  0.855552D+00
  0.156470D+03 -0.782072D+00  0.555112D-16 -0.782072D+00  0.815579D+00
  0.156525D+03 -0.748135D+00  0.000000D+00 -0.748135D+00  0.776639D+00
  0.156579D+03 -0.715037D+00  0.000000D+00 -0.715037D+00  0.738919D+00
  0.156634D+03 -0.682929D+00  0.000000D+00 -0.682929D+00  0.702557D+00
  0.156688D+03 -0.651920D+00  0.000000D+00 -0.651920D+00  0.667647D+00
  0.156742D+03 -0.622089D+00  0.000000D+00 -0.622089D+00  0.634250D+00
  0.156797D+03 -0.593484D+00  0.000000D+00 -0.593484D+00  0.602393D+00
  0.156851D+03 -0.566129D+00 -0.555112D-16 -0.566129D+00  0.572083D+00
  0.156905D+03 -0.540031D+00  0.000000D+00 -0.540031D+00  0.543303D+00
  0.156960D+03 -0.515178D+00  0.000000D+00 -0.515178D+00  0.516023D+00
  0.157014D+03 -0.491548D+00 -0.277556D-16 -0.491548D+00  0.490202D+00
  0.157068D+03 -0.469111D+00  0.277556D-16 -0.469111D+00  0.465790D+00
  0.157123D+03 -0.447827D+00  0.277556D-16 -0.447827D+00  0.442729D+00
  0.157177D+03 -0.427654D+00  0.277556D-16 -0.427654D+00  0.420960D+00
  0.157231D+03 -0.408544D+00  0.000000D+00 -0.408544D+00  0.400421D+00
  0.157286D+03 -0.390450D+00  0.000000D+00 -0.390450D+00  0.381048D+00
  0.157340D+03 -0.373323D+00  0.000000D+00 -0.373323D+00  0.362780D+00
  0.157394D+03 -0.357113D+00  0.000000D+00 -0.357113D+00  0.345555D+00
  0.157449D+03 -0.341773D+00  0.000000D+00 -0.341773D+00  0.329313D+00
  0.157503D+03 -0.327254D+00  0.000000D+00 -0.327254D+00  0.313996D+00
  0.157557D+03 -0.313512D+00  0.277556D-16 -0.313512D+00  0.299550D+00
  0.157612D+03 -0.300502D+00  0.000000D+00 -0.300502D+00  0.285921D+00
  0.157666D+03 -0.288183D+00  0.277556D-16 -0.288183D+00  0.273059D+00
  0.157720D+03 -0.276513D+00  0.000000D+00 -0.276513D+00  0.260916D+00
  0.157775D+03 -0.265456D+00  0.000000D+00 -0.265456D+00  0.249449D+00
  0.157829D+03 -0.254974D+00  0.000000D+00 -0.254974D+00  0.238615D+00
  0.157884D+03 -0.245034D+00  0.000000D+00 -0.245034D+00  0.228375D+00
  0.157938D+03 -0.235604D+00 -0.138778D-16 -0.235604D+00  0.218690D+00
  0.157992D+03 -0.226653D+00  0.000000D+00 -0.226653D+00  0.209528D+00
  0.158047D+03 -0.218153D+00  0.000000D+00 -0.218153D+00  0.200855D+00
  0.158101D+03 -0.210078D+00  0.000000D+00 -0.210078D+00  0.192640D+00
  0.158155D+03 -0.202401D+00  0.000000D+00 -0.202401D+00  0.184856D+00
  0.158210D+03 -0.195101D+00  0.000000D+00 -0.195101D+00  0.177476D+00
  0.158264D+03 -0.188154D+00  0.000000D+00 -0.188154D+00  0.170476D+00
  0.158318D+03 -0.181541D+00  0.000000D+00 -0.181541D+00  0.163831D+00
  0.158373D+03 -0.175241D+00  0.000000D+00 -0.175241D+00  0.157522D+00
  0.158427D+03 -0.169238D+00  0.000000D+00 -0.169238D+00  0.151526D+00
  0.158481D+03 -0.163514D+00  0.000000D+00 -0.163514D+00  0.145827D+00
  0.158536D+03 -0.158052D+00  0.000000D+00 -0.158052D+00  0.140406D+00
  0.158590D+03 -0.152840D+00  0.000000D+00 -0.152840D+00  0.135247D+00
  0.158644D+03 -0.147862D+00  0.000000D+00 -0.147862D+00  0.130335D+00
  0.158699D+03 -0.143105D+00  0.000000D+00 -0.143105D+00  0.125655D+00
  0.158753D+03 -0.138558D+00  0.000000D+00 -0.138558D+00  0.121194D+00
  0.158807D+03 -0.134209D+00  0.000000D+00 -0.134209D+00  0.116940D+00
  0.158862D+03 -0.130048D+00  0.000000D+00 -0.130048D+00  0.112881D+00
  0.158916D+03 -0.126064D+00  0.000000D+00 -0.126064D+00  0.109006D+00
  0.158971D+03 -0.122247D+00  0.000000D+00 -0.122247D+00  0.105306D+00
  0.159025D+03 -0.118590D+00 -0.693889D-17 -0.118590D+00  0.101769D+00
  0.159079D+03 -0.115084D+00  0.000000D+00 -0.115084D+00  0.983886D-01
  0.159134D+03 -0.111721D+00 -0.693889D-17 -0.111721D+00  0.951550D-01
  0.159188D+03 -0.108493D+00  0.693889D-17 -0.108493D+00  0.920608D-01
  0.159242D+03 -0.105394D+00  0.000000D+00 -0.105394D+00  0.890984D-01
  0.159297D+03 -0.102418D+00  0.000000D+00 -0.102418D+00  0.862611D-01
  0.159351D+03 -0.995585D-01  0.000000D+00 -0.995585D-01  0.835424D-01
  0.159405D+03 -0.968093D-01  0.000000D+00 -0.968093D-01  0.809361D-01
  0.159460D+03 -0.941653D-01  0.000000D+00 -0.941653D-01  0.784366D-01
  0.159514D+03 -0.916214D-01  0.000000D+00 -0.916214D-01  0.760384D-01
  0.159568D+03 -0.891729D-01 -0.693889D-17 -0.891729D-01  0.737365D-01
  0.159623D+03 -0.868153D-01  0.000000D+00 -0.868153D-01  0.715261D-01
  0.159677D+03 -0.845442D-01  0.000000D+00 -0.845442D-01  0.694028D-01
  0.159731D+03 -0.823556D-01  0.000000D+00 -0.823556D-01  0.673622D-01
  0.159786D+03 -0.802457D-01  0.000000D+00 -0.802457D-01  0.654005D-01
  0.159840D+03 -0.782111D-01  0.000000D+00 -0.782111D-01  0.635137D-01
  0.159894D+03 -0.762481D-01  0.000000D+00 -0.762481D-01  0.616985D-01
  0.159949D+03 -0.743537D-01  0.000000D+00 -0.743537D-01  0.599514D-01
  0.160003D+03 -0.725247D-01  0.000000D+00 -0.725247D-01  0.582693D-01
  0.160057D+03 -0.707584D-01  0.000000D+00 -0.707584D-01  0.566492D-01
  0.160112D+03 -0.690520D-01  0.000000D+00 -0.690520D-01  0.550882D-01
  0.160166D+03 -0.674028D-01  0.000000D+00 -0.674028D-01  0.535836D-01
  0.160221D+03 -0.658084D-01  0.000000D+00 -0.658084D-01  0.521330D-01
  0.160275D+03 -0.642666D-01  0.000000D+00 -0.642666D-01  0.507340D-01
  0.160329D+03 -0.627751D-01  0.000000D+00 -0.627751D-01  0.493842D-01
  0.160384D+03 -0.613318D-01  0.346945D-17 -0.613318D-01  0.480816D-01
  0.160438D+03 -0.599347D-01  0.000000D+00 -0.599347D-01  0.468240D-01
  0.160492D+03 -0.585819D-01  0.000000D+00 -0.585819D-01  0.456095D-01
  0.160547D+03 -0.572717D-01  0.346945D-17 -0.572717D-01  0.444364D-01
  0.160601D+03 -0.560023D-01  0.000000D+00 -0.560023D-01  0.433028D-01
  0.160655D+03 -0.547720D-01  0.000000D+00 -0.547720D-01  0.422071D-01
  0.160710D+03 -0.535794D-01 -0.346945D-17 -0.535794D-01  0.411477D-01
  0.160764D+03 -0.524230D-01  0.346945D-17 -0.524230D-01  0.401232D-01
  0.160818D+03 -0.513013D-01  0.000000D+00 -0.513013D-01  0.391321D-01
  0.160873D+03 -0.502131D-01  0.000000D+00 -0.502131D-01  0.381730D-01
  0.160927D+03 -0.491570D-01  0.000000D+00 -0.491570D-01  0.372447D-01
  0.160981D+03 -0.481318D-01  0.000000D+00 -0.481318D-01  0.363460D-01
  0.161036D+03 -0.471364D-01  0.000000D+00 -0.471364D-01  0.354756D-01
  0.161090D+03 -0.461697D-01 -0.693889D-17 -0.461697D-01  0.346324D-01
  0.161144D+03 -0.452305D-01 -0.346945D-17 -0.452305D-01  0.338155D-01
  0.161199D+03 -0.443180D-01  0.000000D+00 -0.443180D-01  0.330238D-01
  0.161253D+03 -0.434310D-01  0.000000D+00 -0.434310D-01  0.322562D-01
  0.161308D+03 -0.425688D-01  0.000000D+00 -0.425688D-01  0.315120D-01
  0.161362D+03 -0.417304D-01 -0.346945D-17 -0.417304D-01  0.307902D-01
  0.161416D+03 -0.409149D-01  0.000000D+00 -0.409149D-01  0.300900D-01
  0.161471D+03 -0.401216D-01  0.000000D+00 -0.401216D-01  0.294105D-01
  0.161525D+03 -0.393497D-01  0.000000D+00 -0.393497D-01  0.287511D-01
  0.161579D+03 -0.385984D-01  0.000000D+00 -0.385984D-01  0.281109D-01
  0.161634D+03 -0.378671D-01  0.000000D+00 -0.378671D-01  0.274894D-01
  0.161688D+03 -0.371550D-01  0.000000D+00 -0.371550D-01  0.268857D-01
  0.161742D+03 -0.364615D-01  0.000000D+00 -0.364615D-01  0.262993D-01
  0.161797D+03 -0.357860D-01  0.000000D+00 -0.357860D-01  0.257296D-01
  0.161851D+03 -0.351279D-01  0.000000D+00 -0.351279D-01  0.251759D-01
  0.161905D+03 -0.344866D-01  0.000000D+00 -0.344866D-01  0.246377D-01
  0.161960D+03 -0.338616D-01  0.000000D+00 -0.338616D-01  0.241145D-01
  0.162014D+03 -0.332522D-01  0.000000D+00 -0.332522D-01  0.236058D-01
  0.162068D+03 -0.326581D-01  0.000000D+00 -0.326581D-01  0.231110D-01
  0.162123D+03 -0.320787D-01  0.346945D-17 -0.320787D-01  0.226296D-01
  0.162177D+03 -0.315135D-01 -0.173472D-17 -0.315135D-01  0.221613D-01
  0.162231D+03 -0.309622D-01  0.000000D+00 -0.309622D-01  0.217056D-01
  0.162286D+03 -0.304242D-01  0.000000D+00 -0.304242D-01  0.212621D-01
  0.162340D+03 -0.298992D-01  0.000000D+00 -0.298992D-01  0.208303D-01
  0.162395D+03 -0.293868D-01  0.000000D+00 -0.293868D-01  0.204098D-01
  0.162449D+03 -0.288864D-01 -0.173472D-17 -0.288864D-01  0.200004D-01
  0.162503D+03 -0.283979D-01  0.000000D+00 -0.283979D-01  0.196016D-01
  0.162558D+03 -0.279209D-01  0.346945D-17 -0.279209D-01  0.192132D-01
  0.162612D+03 -0.274549D-01  0.000000D+00 -0.274549D-01  0.188347D-01
  0.162666D+03 -0.269997D-01  0.000000D+00 -0.269997D-01  0.184658D-01
  0.162721D+03 -0.265549D-01  0.000000D+00 -0.265549D-01  0.181063D-01
  0.162775D+03 -0.261202D-01  0.173472D-17 -0.261202D-01  0.177559D-01
  0.162829D+03 -0.256954D-01  0.000000D+00 -0.256954D-01  0.174142D-01
  0.162884D+03 -0.252801D-01  0.000000D+00 -0.252801D-01  0.170810D-01
  0.162938D+03 -0.248741D-01  0.173472D-17 -0.248741D-01  0.167561D-01
  0.162992D+03 -0.244771D-01  0.000000D+00 -0.244771D-01  0.164391D-01
  0.163047D+03 -0.240889D-01  0.000000D+00 -0.240889D-01  0.161299D-01
  0.163101D+03 -0.237091D-01  0.173472D-17 -0.237091D-01  0.158282D-01
  0.163155D+03 -0.233376D-01 -0.173472D-17 -0.233376D-01  0.155338D-01
  0.163210D+03 -0.229742D-01  0.000000D+00 -0.229742D-01  0.152464D-01
  0.163264D+03 -0.226185D-01  0.000000D+00 -0.226185D-01  0.149659D-01
  0.163318D+03 -0.222705D-01  0.173472D-17 -0.222705D-01  0.146921D-01
  0.163373D+03 -0.219298D-01 -0.867362D-18 -0.219298D-01  0.144247D-01
  0.163427D+03 -0.215963D-01 -0.173472D-17 -0.215963D-01  0.141635D-01
  0.163481D+03 -0.212698D-01  0.000000D+00 -0.212698D-01  0.139085D-01
  0.163536D+03 -0.209500D-01  0.000000D+00 -0.209500D-01  0.136594D-01
  0.163590D+03 -0.206369D-01  0.260209D-17 -0.206369D-01  0.134160D-01
  0.163645D+03 -0.203302D-01  0.000000D+00 -0.203302D-01  0.131782D-01
  0.163699D+03 -0.200298D-01  0.867362D-18 -0.200298D-01  0.129458D-01
  0.163753D+03 -0.197355D-01 -0.173472D-17 -0.197355D-01  0.127186D-01
  0.163808D+03 -0.194472D-01 -0.867362D-18 -0.194472D-01  0.124966D-01
  0.163862D+03 -0.191646D-01  0.000000D+00 -0.191646D-01  0.122796D-01
  0.163916D+03 -0.188877D-01  0.000000D+00 -0.188877D-01  0.120674D-01
  0.163971D+03 -0.186163D-01  0.000000D+00 -0.186163D-01  0.118599D-01
  0.164025D+03 -0.183502D-01 -0.867362D-18 -0.183502D-01  0.116570D-01
  0.164079D+03 -0.180893D-01  0.173472D-17 -0.180893D-01  0.114585D-01
  0.164134D+03 -0.178336D-01  0.000000D+00 -0.178336D-01  0.112644D-01
  0.164188D+03 -0.175827D-01  0.173472D-17 -0.175827D-01  0.110745D-01
  0.164242D+03 -0.173368D-01  0.000000D+00 -0.173368D-01  0.108887D-01
  0.164297D+03 -0.170955D-01 -0.867362D-18 -0.170955D-01  0.107068D-01
  0.164351D+03 -0.168588D-01  0.000000D+00 -0.168588D-01  0.105289D-01
  0.164405D+03 -0.166267D-01 -0.867362D-18 -0.166267D-01  0.103547D-01
  0.164460D+03 -0.163989D-01 -0.173472D-17 -0.163989D-01  0.101843D-01
  0.164514D+03 -0.161754D-01  0.000000D+00 -0.161754D-01  0.100174D-01
  0.164568D+03 -0.159560D-01  0.000000D+00 -0.159560D-01  0.985401D-02
  0.164623D+03 -0.157407D-01  0.000000D+00 -0.157407D-01  0.969402D-02
  0.164677D+03 -0.155294D-01  0.173472D-17 -0.155294D-01  0.953735D-02
  0.164732D+03 -0.153220D-01  0.000000D+00 -0.153220D-01  0.938392D-02
  0.164786D+03 -0.151183D-01 -0.173472D-17 -0.151183D-01  0.923364D-02
  0.164840D+03 -0.149184D-01  0.000000D+00 -0.149184D-01  0.908642D-02
  0.164895D+03 -0.147220D-01  0.000000D+00 -0.147220D-01  0.894220D-02
  0.164949D+03 -0.145292D-01  0.000000D+00 -0.145292D-01  0.880090D-02
  0.165003D+03 -0.143398D-01  0.867362D-18 -0.143398D-01  0.866244D-02
  0.165058D+03 -0.141538D-01 -0.173472D-17 -0.141538D-01  0.852676D-02
  0.165112D+03 -0.139711D-01 -0.867362D-18 -0.139711D-01  0.839378D-02
  0.165166D+03 -0.137916D-01  0.000000D+00 -0.137916D-01  0.826344D-02
  0.165221D+03 -0.136153D-01 -0.173472D-17 -0.136153D-01  0.813569D-02
  0.165275D+03 -0.134420D-01  0.000000D+00 -0.134420D-01  0.801044D-02
  0.165329D+03 -0.132717D-01 -0.867362D-18 -0.132717D-01  0.788764D-02
  0.165384D+03 -0.131043D-01 -0.433681D-18 -0.131043D-01  0.776724D-02
  0.165438D+03 -0.129399D-01  0.867362D-18 -0.129399D-01  0.764917D-02
  0.165492D+03 -0.127782D-01 -0.433681D-18 -0.127782D-01  0.753338D-02
  0.165547D+03 -0.126193D-01  0.000000D+00 -0.126193D-01  0.741982D-02
  0.165601D+03 -0.124631D-01 -0.867362D-18 -0.124631D-01  0.730843D-02
  0.165655D+03 -0.123095D-01  0.867362D-18 -0.123095D-01  0.719916D-02
  0.165710D+03 -0.121584D-01 -0.433681D-18 -0.121584D-01  0.709197D-02
  0.165764D+03 -0.120099D-01  0.000000D+00 -0.120099D-01  0.698680D-02
  0.165818D+03 -0.118639D-01  0.000000D+00 -0.118639D-01  0.688360D-02
  0.165873D+03 -0.117202D-01  0.433681D-18 -0.117202D-01  0.678234D-02
  0.165927D+03 -0.115789D-01  0.130104D-17 -0.115789D-01  0.668297D-02
  0.165982D+03 -0.114400D-01  0.000000D+00 -0.114400D-01  0.658544D-02
  0.166036D+03 -0.113033D-01  0.867362D-18 -0.113033D-01  0.648971D-02
  0.166090D+03 -0.111688D-01 -0.867362D-18 -0.111688D-01  0.639574D-02
  0.166145D+03 -0.110364D-01  0.000000D+00 -0.110364D-01  0.630349D-02
  0.166199D+03 -0.109062D-01  0.000000D+00 -0.109062D-01  0.621293D-02
  0.166253D+03 -0.107781D-01  0.867362D-18 -0.107781D-01  0.612401D-02
  0.166308D+03 -0.106520D-01 -0.433681D-18 -0.106520D-01  0.603670D-02
  0.166362D+03 -0.105279D-01  0.000000D+00 -0.105279D-01  0.595096D-02
  0.166416D+03 -0.104058D-01  0.000000D+00 -0.104058D-01  0.586676D-02
  0.166471D+03 -0.102856D-01 -0.867362D-18 -0.102856D-01  0.578406D-02
  0.166525D+03 -0.101672D-01  0.433681D-18 -0.101672D-01  0.570284D-02
  0.166579D+03 -0.100507D-01 -0.867362D-18 -0.100507D-01  0.562305D-02
  0.166634D+03 -0.993603D-02  0.000000D+00 -0.993603D-02  0.554467D-02
  0.166688D+03 -0.982309D-02  0.433681D-18 -0.982309D-02  0.546767D-02
  0.166742D+03 -0.971190D-02 -0.433681D-18 -0.971190D-02  0.539202D-02
  0.166797D+03 -0.960239D-02 -0.433681D-18 -0.960239D-02  0.531769D-02
  0.166851D+03 -0.949456D-02  0.000000D+00 -0.949456D-02  0.524464D-02
  0.166905D+03 -0.938836D-02  0.867362D-18 -0.938836D-02  0.517286D-02
  0.166960D+03 -0.928376D-02  0.433681D-18 -0.928376D-02  0.510232D-02
  0.167014D+03 -0.918073D-02 -0.867362D-18 -0.918073D-02  0.503299D-02
  0.167069D+03 -0.907924D-02  0.000000D+00 -0.907924D-02  0.496484D-02
  0.167123D+03 -0.897926D-02  0.000000D+00 -0.897926D-02  0.489785D-02
  0.167177D+03 -0.888076D-02  0.000000D+00 -0.888076D-02  0.483200D-02
  0.167232D+03 -0.878372D-02  0.867362D-18 -0.878372D-02  0.476726D-02
  0.167286D+03 -0.868811D-02  0.000000D+00 -0.868811D-02  0.470362D-02
  0.167340D+03 -0.859389D-02  0.000000D+00 -0.859389D-02  0.464103D-02
  0.167395D+03 -0.850105D-02 -0.433681D-18 -0.850105D-02  0.457950D-02
  0.167449D+03 -0.840956D-02  0.433681D-18 -0.840956D-02  0.451899D-02
  0.167503D+03 -0.831939D-02  0.000000D+00 -0.831939D-02  0.445948D-02
  0.167558D+03 -0.823052D-02  0.000000D+00 -0.823052D-02  0.440095D-02
  0.167612D+03 -0.814292D-02  0.000000D+00 -0.814292D-02  0.434339D-02
  0.167666D+03 -0.805657D-02  0.000000D+00 -0.805657D-02  0.428677D-02
  0.167721D+03 -0.797146D-02  0.000000D+00 -0.797146D-02  0.423108D-02
  0.167775D+03 -0.788755D-02  0.000000D+00 -0.788755D-02  0.417629D-02
  0.167829D+03 -0.780482D-02  0.433681D-18 -0.780482D-02  0.412239D-02
  0.167884D+03 -0.772326D-02 -0.433681D-18 -0.772326D-02  0.406936D-02
  0.167938D+03 -0.764284D-02  0.000000D+00 -0.764284D-02  0.401719D-02
  0.167992D+03 -0.756354D-02  0.000000D+00 -0.756354D-02  0.396585D-02
  0.168047D+03 -0.748534D-02  0.000000D+00 -0.748534D-02  0.391533D-02
  0.168101D+03 -0.740823D-02 -0.433681D-18 -0.740823D-02  0.386562D-02
  0.168155D+03 -0.733218D-02 -0.433681D-18 -0.733218D-02  0.381670D-02
  0.168210D+03 -0.725717D-02  0.216840D-18 -0.725717D-02  0.376855D-02
  0.168264D+03 -0.718319D-02 -0.433681D-18 -0.718319D-02  0.372116D-02
  0.168319D+03 -0.711022D-02  0.216840D-18 -0.711022D-02  0.367451D-02
  0.168373D+03 -0.703824D-02  0.000000D+00 -0.703824D-02  0.362859D-02
  0.168427D+03 -0.696723D-02  0.000000D+00 -0.696723D-02  0.358339D-02
  0.168482D+03 -0.689719D-02  0.000000D+00 -0.689719D-02  0.353889D-02
  0.168536D+03 -0.682808D-02  0.216840D-18 -0.682808D-02  0.349508D-02
  0.168590D+03 -0.675989D-02  0.000000D+00 -0.675989D-02  0.345195D-02
  0.168645D+03 -0.669262D-02 -0.433681D-18 -0.669262D-02  0.340948D-02
  0.168699D+03 -0.662623D-02  0.433681D-18 -0.662623D-02  0.336766D-02
  0.168753D+03 -0.656073D-02 -0.216840D-18 -0.656073D-02  0.332648D-02
  0.168808D+03 -0.649609D-02  0.433681D-18 -0.649609D-02  0.328593D-02
  0.168862D+03 -0.643229D-02 -0.650521D-18 -0.643229D-02  0.324599D-02
  0.168916D+03 -0.636934D-02 -0.867362D-18 -0.636934D-02  0.320666D-02
  0.168971D+03 -0.630720D-02  0.216840D-18 -0.630720D-02  0.316792D-02
  0.169025D+03 -0.624587D-02 -0.433681D-18 -0.624587D-02  0.312976D-02
  0.169079D+03 -0.618534D-02 -0.650521D-18 -0.618534D-02  0.309218D-02
  0.169134D+03 -0.612558D-02  0.433681D-18 -0.612558D-02  0.305515D-02
  0.169188D+03 -0.606660D-02 -0.433681D-18 -0.606660D-02  0.301868D-02
  0.169242D+03 -0.600836D-02  0.000000D+00 -0.600836D-02  0.298275D-02
  0.169297D+03 -0.595088D-02  0.216840D-18 -0.595088D-02  0.294734D-02
  0.169351D+03 -0.589412D-02 -0.216840D-18 -0.589412D-02  0.291246D-02
  0.169406D+03 -0.583808D-02  0.000000D+00 -0.583808D-02  0.287809D-02
  0.169460D+03 -0.578275D-02 -0.216840D-18 -0.578275D-02  0.284423D-02
  0.169514D+03 -0.572812D-02  0.000000D+00 -0.572812D-02  0.281086D-02
  0.169569D+03 -0.567417D-02  0.216840D-18 -0.567417D-02  0.277797D-02
  0.169623D+03 -0.562090D-02 -0.433681D-18 -0.562090D-02  0.274557D-02
  0.169677D+03 -0.556829D-02  0.000000D+00 -0.556829D-02  0.271363D-02
  0.169732D+03 -0.551633D-02  0.000000D+00 -0.551633D-02  0.268215D-02
  0.169786D+03 -0.546501D-02  0.216840D-18 -0.546501D-02  0.265112D-02
  0.169840D+03 -0.541433D-02 -0.216840D-18 -0.541433D-02  0.262054D-02
  0.169895D+03 -0.536427D-02  0.000000D+00 -0.536427D-02  0.259039D-02
  0.169949D+03 -0.531483D-02 -0.216840D-18 -0.531483D-02  0.256068D-02
