 X0/lambda deviation_0_X deviation_0_Y deviation_0_Z
  8.333333333333334E-04 -2.198143526192416E+00 -2.371435464405419E+00 -1.779369833580166E-01
  1.666666666666667E-03 -2.198143526192416E+00 -2.371435464405419E+00 -1.779369833580166E-01
  2.500000000000000E-03 -2.198143526192416E+00 -2.371435464405419E+00 -1.779369833580166E-01
  3.333333333333334E-03 -2.198143526192416E+00 -2.371435464405419E+00 -1.779369833580166E-01
  4.166666666666667E-03 -2.198143526192416E+00 -2.371435464405419E+00 -1.779369833580166E-01
  5.000000000000000E-03 -2.198143526192416E+00 -2.371435464405419E+00 -1.779369833580166E-01
  5.833333333333334E-03 -2.198143526192416E+00 -2.365161430427761E+00 -1.779369833580166E-01
  6.666666666666667E-03 -2.191869492214757E+00 -2.365161430427761E+00 -1.779369833580166E-01
  7.500000000000000E-03 -2.191869492214757E+00 -2.365161430427761E+00 -1.779369833580166E-01
  8.333333333333333E-03 -2.191869492214757E+00 -2.358887396450120E+00 -1.779369833580166E-01
  9.166666666666667E-03 -2.191869492214757E+00 -2.358887396450120E+00 -1.779369833580166E-01
  1.000000000000000E-02 -2.185595458237117E+00 -2.358887396450120E+00 -1.779369833580166E-01
  1.083333333333333E-02 -2.185595458237117E+00 -2.352613362472462E+00 -1.779369833580166E-01
  1.166666666666667E-02 -2.185595458237117E+00 -2.352613362472462E+00 -1.779369833580166E-01
  1.250000000000000E-02 -2.179321424259459E+00 -2.346339328494822E+00 -1.779369833580166E-01
  1.333333333333333E-02 -2.179321424259459E+00 -2.346339328494822E+00 -1.779369833580166E-01
  1.416666666666667E-02 -2.173047390281818E+00 -2.340065294517163E+00 -1.779369833580166E-01
  1.500000000000000E-02 -2.173047390281818E+00 -2.340065294517163E+00 -1.779369833580166E-01
  1.583333333333333E-02 -2.166773356304160E+00 -2.333791260539523E+00 -1.779369833580166E-01
  1.666666666666667E-02 -2.166773356304160E+00 -2.327517226561864E+00 -1.779369833580166E-01
  1.750000000000000E-02 -2.160499322326520E+00 -2.327517226561864E+00 -1.779369833580166E-01
  1.833333333333333E-02 -2.154225288348861E+00 -2.321243192584224E+00 -1.779369833580166E-01
  1.916666666666667E-02 -2.154225288348861E+00 -2.314969158606566E+00 -1.779369833580166E-01
  2.000000000000000E-02 -2.147951254371221E+00 -2.308695124628907E+00 -1.779369833580166E-01
  2.083333333333333E-02 -2.147951254371221E+00 -2.302421090651267E+00 -1.779369833580166E-01
  2.166666666666667E-02 -2.141677220393563E+00 -2.296147056673608E+00 -1.779369833580166E-01
  2.250000000000000E-02 -2.135403186415904E+00 -2.296147056673608E+00 -1.779369833580166E-01
  2.333333333333333E-02 -2.129129152438264E+00 -2.289873022695968E+00 -1.779369833580166E-01
  2.416666666666667E-02 -2.129129152438264E+00 -2.283598988718309E+00 -1.842110173356660E-01
  2.500000000000000E-02 -2.122855118460605E+00 -2.277324954740669E+00 -1.842110173356660E-01
  2.583333333333333E-02 -2.116581084482965E+00 -2.271050920763011E+00 -1.842110173356660E-01
  2.666666666666667E-02 -2.110307050505307E+00 -2.264776886785371E+00 -1.842110173356660E-01
  2.750000000000000E-02 -2.104033016527667E+00 -2.252228818830072E+00 -1.842110173356660E-01
  2.833333333333333E-02 -2.097758982550008E+00 -2.245954784852414E+00 -1.842110173356660E-01
  2.916666666666667E-02 -2.091484948572368E+00 -2.239680750874773E+00 -1.842110173356660E-01
  3.000000000000000E-02 -2.085210914594709E+00 -2.233406716897115E+00 -1.842110173356660E-01
  3.083333333333333E-02 -2.078936880617069E+00 -2.227132682919474E+00 -1.842110173356660E-01
  3.166666666666667E-02 -2.072662846639410E+00 -2.214584614964157E+00 -1.842110173356660E-01
  3.250000000000000E-02 -2.066388812661770E+00 -2.208310580986517E+00 -1.842110173356660E-01
  3.333333333333333E-02 -2.060114778684111E+00 -2.202036547008859E+00 -1.842110173356660E-01
  3.416666666666666E-02 -2.053840744706472E+00 -2.189488479053560E+00 -1.842110173356660E-01
  3.500000000000000E-02 -2.047566710728813E+00 -2.183214445075920E+00 -1.842110173356660E-01
  3.583333333333334E-02 -2.041292676751173E+00 -2.176940411098261E+00 -1.842110173356660E-01
  3.666666666666667E-02 -2.028744608795856E+00 -2.164392343142963E+00 -1.842110173356660E-01
  3.750000000000000E-02 -2.022470574818215E+00 -2.158118309165323E+00 -1.842110173356660E-01
  3.833333333333333E-02 -2.016196540840557E+00 -2.145570241210024E+00 -1.842110173356660E-01
  3.916666666666667E-02 -2.009922506862917E+00 -2.139296207232365E+00 -1.842110173356660E-01
  4.000000000000000E-02 -1.997374438907618E+00 -2.126748139277066E+00 -1.842110173356660E-01
  4.083333333333333E-02 -1.991100404929959E+00 -2.114200071321767E+00 -1.842110173356660E-01
  4.166666666666666E-02 -1.984826370952319E+00 -2.107926037344109E+00 -1.842110173356660E-01
  4.250000000000000E-02 -1.972278302997021E+00 -2.095377969388810E+00 -1.842110173356660E-01
  4.333333333333333E-02 -1.966004269019362E+00 -2.082829901433512E+00 -1.842110173356660E-01
  4.416666666666667E-02 -1.953456201064063E+00 -2.076555867455872E+00 -1.842110173356660E-01
  4.500000000000000E-02 -1.947182167086423E+00 -2.064007799500573E+00 -1.842110173356660E-01
  4.583333333333333E-02 -1.934634099131106E+00 -2.051459731545274E+00 -1.842110173356660E-01
  4.666666666666667E-02 -1.928360065153466E+00 -2.038911663589975E+00 -1.842110173356660E-01
  4.750000000000000E-02 -1.915811997198167E+00 -2.026363595634677E+00 -1.842110173356660E-01
  4.833333333333333E-02 -1.909537963220509E+00 -2.020089561657018E+00 -1.842110173356660E-01
  4.916666666666666E-02 -1.896989895265210E+00 -2.007541493701719E+00 -1.842110173356660E-01
  5.000000000000000E-02 -1.890715861287570E+00 -1.994993425746421E+00 -1.842110173356660E-01
  5.083333333333333E-02 -1.878167793332271E+00 -1.982445357791122E+00 -1.842110173356660E-01
  5.166666666666667E-02 -1.865619725376972E+00 -1.969897289835823E+00 -1.842110173356660E-01
  5.250000000000000E-02 -1.859345691399314E+00 -1.957349221880525E+00 -1.842110173356660E-01
  5.333333333333334E-02 -1.846797623444015E+00 -1.944801153925226E+00 -1.842110173356660E-01
  5.416666666666667E-02 -1.834249555488716E+00 -1.932253085969927E+00 -1.842110173356660E-01
  5.500000000000000E-02 -1.821701487533418E+00 -1.919705018014628E+00 -1.842110173356660E-01
  5.583333333333333E-02 -1.815427453555759E+00 -1.907156950059311E+00 -1.842110173356660E-01
  5.666666666666666E-02 -1.802879385600460E+00 -1.888334848126372E+00 -1.842110173356660E-01
  5.750000000000000E-02 -1.790331317645162E+00 -1.875786780171074E+00 -1.842110173356660E-01
  5.833333333333333E-02 -1.777783249689863E+00 -1.863238712215775E+00 -1.842110173356660E-01
  5.916666666666667E-02 -1.765235181734564E+00 -1.850690644260476E+00 -1.842110173356660E-01
  6.000000000000000E-02 -1.752687113779265E+00 -1.838142576305178E+00 -1.842110173356660E-01
  6.083333333333334E-02 -1.740139045823967E+00 -1.819320474372220E+00 -1.842110173356660E-01
  6.166666666666667E-02 -1.727590977868668E+00 -1.806772406416921E+00 -1.904850513133153E-01
  6.250000000000000E-02 -1.715042909913369E+00 -1.794224338461623E+00 -1.904850513133153E-01
  6.333333333333334E-02 -1.702494841958071E+00 -1.781676270506324E+00 -1.904850513133153E-01
  6.416666666666666E-02 -1.689946774002772E+00 -1.762854168573367E+00 -1.904850513133153E-01
  6.500000000000000E-02 -1.677398706047473E+00 -1.750306100618068E+00 -1.904850513133153E-01
  6.583333333333333E-02 -1.664850638092175E+00 -1.737758032662769E+00 -1.904850513133153E-01
  6.666666666666667E-02 -1.652302570136876E+00 -1.718935930729830E+00 -1.904850513133153E-01
  6.750000000000000E-02 -1.639754502181577E+00 -1.706387862774532E+00 -1.904850513133153E-01
  6.833333333333333E-02 -1.627206434226260E+00 -1.687565760841574E+00 -1.904850513133153E-01
  6.916666666666667E-02 -1.614658366270961E+00 -1.675017692886276E+00 -1.904850513133153E-01
  7.000000000000001E-02 -1.595836264338022E+00 -1.656195590953318E+00 -1.904850513133153E-01
  7.083333333333333E-02 -1.583288196382724E+00 -1.643647522998020E+00 -1.904850513133153E-01
  7.166666666666667E-02 -1.570740128427425E+00 -1.624825421065081E+00 -1.842110173356660E-01
  7.250000000000000E-02 -1.558192060472126E+00 -1.612277353109782E+00 -1.842110173356660E-01
  7.333333333333333E-02 -1.539369958539169E+00 -1.593455251176825E+00 -1.842110173356660E-01
  7.416666666666667E-02 -1.526821890583870E+00 -1.580907183221526E+00 -1.842110173356660E-01
  7.500000000000000E-02 -1.514273822628571E+00 -1.562085081288569E+00 -1.842110173356660E-01
  7.583333333333334E-02 -1.501725754673273E+00 -1.543262979355630E+00 -1.842110173356660E-01
  7.666666666666666E-02 -1.482903652740315E+00 -1.530714911400331E+00 -1.842110173356660E-01
  7.750000000000000E-02 -1.470355584785017E+00 -1.511892809467374E+00 -1.842110173356660E-01
  7.833333333333334E-02 -1.451533482852078E+00 -1.493070707534417E+00 -1.842110173356660E-01
  7.916666666666666E-02 -1.438985414896779E+00 -1.480522639579118E+00 -1.842110173356660E-01
  8.000000000000000E-02 -1.420163312963822E+00 -1.461700537646179E+00 -1.842110173356660E-01
  8.083333333333333E-02 -1.407615245008523E+00 -1.442878435713222E+00 -1.842110173356660E-01
  8.166666666666667E-02 -1.388793143075566E+00 -1.430330367757923E+00 -1.842110173356660E-01
  8.250000000000000E-02 -1.376245075120267E+00 -1.411508265824984E+00 -1.842110173356660E-01
  8.333333333333333E-02 -1.357422973187328E+00 -1.392686163892027E+00 -1.842110173356660E-01
  8.416666666666667E-02 -1.344874905232029E+00 -1.373864061959070E+00 -1.842110173356660E-01
  8.500000000000001E-02 -1.326052803299072E+00 -1.361315994003771E+00 -1.842110173356660E-01
  8.583333333333333E-02 -1.313504735343774E+00 -1.342493892070832E+00 -1.842110173356660E-01
  8.666666666666667E-02 -1.294682633410816E+00 -1.323671790137875E+00 -1.842110173356660E-01
  8.749999999999999E-02 -1.275860531477877E+00 -1.304849688204936E+00 -1.842110173356660E-01
  8.833333333333333E-02 -1.263312463522579E+00 -1.286027586271979E+00 -1.842110173356660E-01
  8.916666666666667E-02 -1.244490361589621E+00 -1.267205484339021E+00 -1.842110173356660E-01
  9.000000000000000E-02 -1.225668259656683E+00 -1.248383382406083E+00 -1.842110173356660E-01
  9.083333333333334E-02 -1.213120191701365E+00 -1.235835314450784E+00 -1.842110173356660E-01
  9.166666666666666E-02 -1.194298089768427E+00 -1.217013212517826E+00 -1.842110173356660E-01
  9.250000000000000E-02 -1.175475987835469E+00 -1.198191110584888E+00 -1.842110173356660E-01
  9.333333333333334E-02 -1.162927919880170E+00 -1.179369008651930E+00 -1.842110173356660E-01
  9.416666666666666E-02 -1.144105817947232E+00 -1.160546906718973E+00 -1.779369833580166E-01
  9.500000000000000E-02 -1.125283716014274E+00 -1.141724804786034E+00 -1.779369833580166E-01
  9.583333333333334E-02 -1.106461614081317E+00 -1.122902702853077E+00 -1.779369833580166E-01
  9.666666666666666E-02 -1.087639512148378E+00 -1.104080600920138E+00 -1.779369833580166E-01
  9.750000000000000E-02 -1.075091444193079E+00 -1.085258498987181E+00 -1.779369833580166E-01
  9.833333333333333E-02 -1.056269342260122E+00 -1.066436397054223E+00 -1.779369833580166E-01
  9.916666666666667E-02 -1.037447240327183E+00 -1.047614295121285E+00 -1.779369833580166E-01
  1.000000000000000E-01 -1.018625138394226E+00 -1.028792193188327E+00 -1.779369833580166E-01
  1.008333333333333E-01 -9.998030364612687E-01 -1.009970091255388E+00 -1.779369833580166E-01
  1.016666666666667E-01 -9.809809345283299E-01 -9.911479893224312E-01 -1.779369833580166E-01
  1.025000000000000E-01 -9.621588325953725E-01 -9.723258873894738E-01 -1.779369833580166E-01
  1.033333333333333E-01 -9.433367306624337E-01 -9.535037854565350E-01 -1.779369833580166E-01
  1.041666666666667E-01 -9.245146287294764E-01 -9.346816835235777E-01 -1.716629493803626E-01
  1.050000000000000E-01 -9.056925267965190E-01 -9.158595815906388E-01 -1.716629493803626E-01
  1.058333333333333E-01 -8.868704248635804E-01 -8.970374796576815E-01 -1.716629493803626E-01
  1.066666666666667E-01 -8.680483229306230E-01 -8.782153777247242E-01 -1.716629493803626E-01
  1.075000000000000E-01 -8.492262209976841E-01 -8.593932757917855E-01 -1.716629493803626E-01
  1.083333333333333E-01 -8.304041190647269E-01 -8.405711738588281E-01 -1.716629493803626E-01
  1.091666666666667E-01 -8.115820171317880E-01 -8.217490719258893E-01 -1.716629493803626E-01
  1.100000000000000E-01 -7.927599151988307E-01 -8.029269699929320E-01 -1.716629493803626E-01
  1.108333333333333E-01 -7.739378132658733E-01 -7.841048680599931E-01 -1.716629493803626E-01
  1.116666666666667E-01 -7.551157113329345E-01 -7.652827661270359E-01 -1.716629493803626E-01
  1.125000000000000E-01 -7.362936093999772E-01 -7.464606641940785E-01 -1.653889154027132E-01
  1.133333333333333E-01 -7.174715074670384E-01 -7.276385622611397E-01 -1.653889154027132E-01
  1.141666666666667E-01 -6.986494055340811E-01 -7.088164603281824E-01 -1.653889154027132E-01
  1.150000000000000E-01 -6.798273036011238E-01 -6.899943583952436E-01 -1.653889154027132E-01
  1.158333333333333E-01 -6.610052016681849E-01 -6.711722564622862E-01 -1.653889154027132E-01
  1.166666666666667E-01 -6.359090657575875E-01 -6.460761205516888E-01 -1.653889154027132E-01
  1.175000000000000E-01 -6.170869638246302E-01 -6.272540186187315E-01 -1.653889154027132E-01
  1.183333333333333E-01 -5.982648618916728E-01 -6.084319166857927E-01 -1.591148814250639E-01
  1.191666666666667E-01 -5.794427599587341E-01 -5.896098147528355E-01 -1.591148814250639E-01
  1.200000000000000E-01 -5.606206580257768E-01 -5.707877128198781E-01 -1.591148814250639E-01
  1.208333333333333E-01 -5.417985560928379E-01 -5.519656108869392E-01 -1.591148814250639E-01
  1.216666666666667E-01 -5.167024201822406E-01 -5.331435089539819E-01 -1.591148814250639E-01
  1.225000000000000E-01 -4.978803182492832E-01 -5.143214070210431E-01 -1.591148814250639E-01
  1.233333333333333E-01 -4.790582163163259E-01 -4.954993050880858E-01 -1.591148814250639E-01
  1.241666666666667E-01 -4.602361143833871E-01 -4.766772031551470E-01 -1.528408474474146E-01
  1.250000000000000E-01 -4.414140124504297E-01 -4.578551012221896E-01 -1.528408474474146E-01
  1.258333333333333E-01 -4.163178765398323E-01 -4.390329992892323E-01 -1.528408474474146E-01
  1.266666666666667E-01 -3.974957746068750E-01 -4.202108973562935E-01 -1.528408474474146E-01
  1.275000000000000E-01 -3.786736726739361E-01 -4.013887954233362E-01 -1.528408474474146E-01
  1.283333333333333E-01 -3.598515707409788E-01 -3.825666934903974E-01 -1.528408474474146E-01
  1.291666666666667E-01 -3.347554348303814E-01 -3.637445915574400E-01 -1.465668134697652E-01
  1.300000000000000E-01 -3.159333328974427E-01 -3.449224896244827E-01 -1.465668134697652E-01
  1.308333333333333E-01 -2.971112309644853E-01 -3.261003876915439E-01 -1.465668134697652E-01
  1.316666666666667E-01 -2.782891290315280E-01 -3.072782857585866E-01 -1.465668134697652E-01
  1.325000000000000E-01 -2.531929931209306E-01 -2.884561838256477E-01 -1.465668134697652E-01
  1.333333333333333E-01 -2.343708911879918E-01 -2.696340818926904E-01 -1.465668134697652E-01
  1.341666666666667E-01 -2.155487892550344E-01 -2.508119799597331E-01 -1.402927794921159E-01
  1.350000000000000E-01 -1.967266873220956E-01 -2.319898780267943E-01 -1.402927794921159E-01
  1.358333333333333E-01 -1.716305514114797E-01 -2.131677760938370E-01 -1.402927794921159E-01
  1.366666666666667E-01 -1.528084494785409E-01 -1.943456741608982E-01 -1.402927794921159E-01
  1.375000000000000E-01 -1.339863475455836E-01 -1.755235722279409E-01 -1.402927794921159E-01
  1.383333333333333E-01 -1.088902116349861E-01 -1.567014702949835E-01 -1.340187455144665E-01
  1.391666666666667E-01 -9.006810970202879E-02 -1.378793683620448E-01 -1.340187455144665E-01
  1.400000000000000E-01 -7.124600776909000E-02 -1.190572664290874E-01 -1.340187455144665E-01
  1.408333333333333E-01 -5.242390583613267E-02 -1.002351644961486E-01 -1.340187455144665E-01
  1.416666666666667E-01 -2.732776992553525E-02 -8.141306256319129E-02 -1.340187455144665E-01
  1.425000000000000E-01 -8.505667992596451E-03 -6.259096063025249E-02 -1.277447115368171E-01
  1.433333333333333E-01  1.031643394036088E-02 -4.376885869729516E-02 -1.277447115368171E-01
  1.441666666666667E-01  3.541256985095830E-02 -2.494675676433783E-02 -1.277447115368171E-01
  1.450000000000000E-01  5.423467178391563E-02 -1.239868880903912E-02 -1.277447115368171E-01
  1.458333333333333E-01  7.305677371685443E-02  6.423413123899684E-03 -1.277447115368171E-01
  1.466666666666667E-01  9.187887564981176E-02  2.524551505685701E-02 -1.214706775591631E-01
  1.475000000000000E-01  1.169750115604092E-01  4.406761698981434E-02 -1.214706775591631E-01
  1.483333333333333E-01  1.357971134933665E-01  6.288971892275314E-02 -1.214706775591631E-01
  1.491666666666667E-01  1.546192154263053E-01  8.171182085571048E-02 -1.214706775591631E-01
  1.500000000000000E-01  1.734413173592626E-01  9.425988881100918E-02 -1.214706775591631E-01
  1.508333333333333E-01  1.985374532698601E-01  1.130819907439480E-01 -1.151966435815138E-01
  1.516666666666667E-01  2.173595552028174E-01  1.319040926769053E-01 -1.151966435815138E-01
  1.525000000000000E-01  2.361816571357562E-01  1.507261946098626E-01 -1.151966435815138E-01
  1.533333333333333E-01  2.550037590687135E-01  1.695482965428014E-01 -1.151966435815138E-01
  1.541666666666667E-01  2.800998949793109E-01  1.820963644981002E-01 -1.151966435815138E-01
  1.550000000000000E-01  2.989219969122497E-01  2.009184664310575E-01 -1.089226096038644E-01
  1.558333333333333E-01  3.177440988452071E-01  2.197405683639963E-01 -1.089226096038644E-01
  1.566666666666667E-01  3.365662007781644E-01  2.322886363192950E-01 -1.089226096038644E-01
  1.575000000000000E-01  3.553883027111032E-01  2.511107382522523E-01 -1.089226096038644E-01
  1.583333333333333E-01  3.804844386217006E-01  2.699328401852097E-01 -1.026485756262151E-01
  1.591666666666667E-01  3.993065405546580E-01  2.824809081405084E-01 -1.026485756262151E-01
  1.600000000000000E-01  4.181286424875967E-01  3.013030100734472E-01 -1.026485756262151E-01
  1.608333333333333E-01  4.369507444205541E-01  3.201251120064045E-01 -1.026485756262151E-01
  1.616666666666667E-01  4.557728463535114E-01  3.326731799617032E-01 -1.026485756262151E-01
  1.625000000000000E-01  4.745949482864502E-01  3.514952818946606E-01 -9.637454164856572E-02
  1.633333333333333E-01  4.934170502194076E-01  3.640433498499592E-01 -9.637454164856572E-02
  1.641666666666667E-01  5.122391521523464E-01  3.828654517828980E-01 -9.637454164856572E-02
  1.650000000000000E-01  5.373352880629623E-01  4.016875537158553E-01 -9.637454164856572E-02
  1.658333333333333E-01  5.561573899959011E-01  4.142356216711541E-01 -9.010050767091637E-02
  1.666666666666667E-01  5.749794919288583E-01  4.330577236040929E-01 -9.010050767091637E-02
  1.675000000000000E-01  5.938015938617972E-01  4.456057915593916E-01 -9.010050767091637E-02
  1.683333333333333E-01  6.126236957947546E-01  4.581538595147088E-01 -9.010050767091637E-02
  1.691666666666667E-01  6.314457977277118E-01  4.769759614476476E-01 -8.382647369326703E-02
  1.700000000000000E-01  6.502678996606507E-01  4.895240294029463E-01 -8.382647369326703E-02
  1.708333333333333E-01  6.690900015936080E-01  5.083461313359037E-01 -8.382647369326703E-02
  1.716666666666667E-01  6.879121035265469E-01  5.208941992912023E-01 -8.382647369326703E-02
  1.725000000000000E-01  7.067342054595042E-01  5.397163012241412E-01 -8.382647369326703E-02
  1.733333333333333E-01  7.255563073924429E-01  5.522643691794399E-01 -7.755243971561766E-02
  1.741666666666667E-01  7.443784093254003E-01  5.648124371347572E-01 -7.755243971561766E-02
  1.750000000000000E-01  7.632005112583575E-01  5.836345390676959E-01 -7.755243971561766E-02
  1.758333333333333E-01  7.820226131912964E-01  5.961826070229946E-01 -7.755243971561766E-02
  1.766666666666667E-01  7.945706811465951E-01  6.087306749782934E-01 -7.127840573796368E-02
  1.775000000000000E-01  8.133927830795524E-01  6.212787429335921E-01 -7.127840573796368E-02
  1.783333333333333E-01  8.322148850124912E-01  6.401008448665494E-01 -7.127840573796368E-02
  1.791666666666667E-01  8.510369869454486E-01  6.526489128218481E-01 -7.127840573796368E-02
  1.800000000000000E-01  8.698590888784058E-01  6.651969807771468E-01 -7.127840573796368E-02
  1.808333333333333E-01  8.886811908113447E-01  6.777450487324456E-01 -6.500437176031433E-02
  1.816666666666667E-01  9.012292587666434E-01  6.902931166877443E-01 -6.500437176031433E-02
  1.825000000000000E-01  9.200513606996008E-01  7.028411846430429E-01 -6.500437176031433E-02
  1.833333333333333E-01  9.388734626325580E-01  7.216632865760002E-01 -6.500437176031433E-02
  1.841666666666667E-01  9.576955645654969E-01  7.342113545312990E-01 -6.500437176031433E-02
  1.850000000000000E-01  9.702436325207956E-01  7.467594224865978E-01 -5.873033778266497E-02
  1.858333333333333E-01  9.890657344537529E-01  7.593074904418964E-01 -5.873033778266497E-02
  1.866666666666667E-01  1.001613802409052E+00  7.718555583971951E-01 -5.873033778266497E-02
  1.875000000000000E-01  1.020435904341990E+00  7.844036263524938E-01 -5.873033778266497E-02
  1.883333333333333E-01  1.039258006274948E+00  7.969516943077926E-01 -5.245630380501562E-02
  1.891666666666667E-01  1.051806074230246E+00  8.094997622630913E-01 -5.245630380501562E-02
  1.900000000000000E-01  1.070628176163204E+00  8.220478302183899E-01 -5.245630380501562E-02
  1.908333333333333E-01  1.083176244118502E+00  8.283218641960486E-01 -5.245630380501562E-02
  1.916666666666667E-01  1.101998346051441E+00  8.408699321513473E-01 -5.245630380501562E-02
  1.925000000000000E-01  1.114546414006740E+00  8.534180001066460E-01 -4.618226982736626E-02
  1.933333333333333E-01  1.133368515939697E+00  8.659660680619448E-01 -4.618226982736626E-02
  1.941666666666667E-01  1.145916583894996E+00  8.785141360172434E-01 -4.618226982736626E-02
  1.950000000000000E-01  1.164738685827953E+00  8.910622039725421E-01 -4.618226982736626E-02
  1.958333333333333E-01  1.177286753783252E+00  8.973362379502007E-01 -4.618226982736626E-02
  1.966666666666667E-01  1.189834821738551E+00  9.098843059054995E-01 -3.990823584971690E-02
  1.975000000000000E-01  1.208656923671489E+00  9.224323738607982E-01 -3.990823584971690E-02
  1.983333333333333E-01  1.221204991626788E+00  9.287064078384383E-01 -3.990823584971690E-02
  1.991666666666667E-01  1.233753059582087E+00  9.412544757937369E-01 -3.990823584971690E-02
  2.000000000000000E-01  1.246301127537404E+00  9.538025437490356E-01 -3.990823584971690E-02
  2.008333333333333E-01  1.258849195492703E+00  9.600765777266943E-01 -3.363420187206755E-02
  2.016666666666667E-01  1.277671297425642E+00  9.726246456819930E-01 -3.363420187206755E-02
  2.025000000000000E-01  1.290219365380940E+00  9.851727136372918E-01 -3.363420187206755E-02
  2.033333333333333E-01  1.302767433336239E+00  9.914467476149503E-01 -3.363420187206755E-02
  2.041666666666667E-01  1.315315501291538E+00  1.003994815570249E+00 -3.363420187206755E-02
  2.050000000000000E-01  1.327863569246837E+00  1.010268849547889E+00 -3.363420187206755E-02
  2.058333333333333E-01  1.340411637202135E+00  1.022816917503188E+00 -2.736016789441819E-02
  2.066666666666667E-01  1.352959705157453E+00  1.029090951480846E+00 -2.736016789441819E-02
  2.075000000000000E-01  1.365507773112751E+00  1.035364985458487E+00 -2.736016789441819E-02
  2.083333333333333E-01  1.378055841068050E+00  1.047913053413785E+00 -2.736016789441819E-02
  2.091666666666667E-01  1.390603909023349E+00  1.054187087391444E+00 -2.736016789441819E-02
  2.100000000000000E-01  1.403151976978647E+00  1.060461121369084E+00 -2.736016789441819E-02
  2.108333333333333E-01  1.409426010956288E+00  1.073009189324401E+00 -2.108613391676421E-02
  2.116666666666667E-01  1.421974078911586E+00  1.079283223302041E+00 -2.108613391676421E-02
  2.125000000000000E-01  1.434522146866885E+00  1.085557257279700E+00 -2.108613391676421E-02
  2.133333333333333E-01  1.447070214822183E+00  1.098105325234999E+00 -2.108613391676421E-02
  2.141666666666667E-01  1.453344248799842E+00  1.104379359212639E+00 -2.108613391676421E-02
  2.150000000000000E-01  1.465892316755141E+00  1.110653393190297E+00 -2.108613391676421E-02
  2.158333333333333E-01  1.478440384710440E+00  1.116927427167937E+00 -2.108613391676421E-02
  2.166666666666667E-01  1.484714418688098E+00  1.123201461145596E+00 -1.481209993911485E-02
  2.175000000000000E-01  1.497262486643397E+00  1.129475495123236E+00 -1.481209993911485E-02
  2.183333333333333E-01  1.503536520621037E+00  1.135749529100895E+00 -1.481209993911485E-02
  2.191666666666667E-01  1.516084588576336E+00  1.142023563078535E+00 -1.481209993911485E-02
  2.200000000000000E-01  1.522358622553994E+00  1.148297597056193E+00 -1.481209993911485E-02
  2.208333333333333E-01  1.528632656531634E+00  1.154571631033833E+00 -1.481209993911485E-02
  2.216666666666667E-01  1.541180724486933E+00  1.160845665011492E+00 -1.481209993911485E-02
  2.225000000000000E-01  1.547454758464592E+00  1.167119698989132E+00 -1.481209993911485E-02
  2.233333333333333E-01  1.553728792442250E+00  1.173393732966791E+00 -8.538065961465497E-03
  2.241666666666667E-01  1.566276860397549E+00  1.179667766944450E+00 -8.538065961465497E-03
  2.250000000000000E-01  1.572550894375189E+00  1.185941800922090E+00 -8.538065961465497E-03
  2.258333333333333E-01  1.578824928352848E+00  1.192215834899748E+00 -8.538065961465497E-03
  2.266666666666667E-01  1.585098962330488E+00  1.198489868877388E+00 -8.538065961465497E-03
  2.275000000000000E-01  1.591372996308147E+00  1.198489868877388E+00 -8.538065961465497E-03
  2.283333333333333E-01  1.597647030285787E+00  1.204763902855047E+00 -8.538065961465497E-03
  2.291666666666667E-01  1.603921064263445E+00  1.211037936832687E+00 -8.538065961465497E-03
  2.300000000000000E-01  1.610195098241085E+00  1.211037936832687E+00 -8.538065961465497E-03
  2.308333333333333E-01  1.616469132218744E+00  1.217311970810346E+00 -8.538065961465497E-03
  2.316666666666667E-01  1.622743166196384E+00  1.223586004787986E+00 -8.538065961465497E-03
  2.325000000000000E-01  1.629017200174043E+00  1.223586004787986E+00 -2.264031983816143E-03
  2.333333333333333E-01  1.635291234151683E+00  1.229860038765644E+00 -2.264031983816143E-03
  2.341666666666667E-01  1.641565268129341E+00  1.236134072743284E+00 -2.264031983816143E-03
  2.350000000000000E-01  1.647839302106981E+00  1.236134072743284E+00 -2.264031983816143E-03
  2.358333333333333E-01  1.647839302106981E+00  1.242408106720943E+00 -2.264031983816143E-03
  2.366666666666667E-01  1.654113336084640E+00  1.242408106720943E+00 -2.264031983816143E-03
  2.375000000000000E-01  1.660387370062299E+00  1.242408106720943E+00 -2.264031983816143E-03
  2.383333333333333E-01  1.660387370062299E+00  1.248682140698583E+00 -2.264031983816143E-03
  2.391666666666667E-01  1.666661404039939E+00  1.248682140698583E+00 -2.264031983816143E-03
  2.400000000000000E-01  1.666661404039939E+00  1.254956174676242E+00 -2.264031983816143E-03
  2.408333333333333E-01  1.672935438017597E+00  1.254956174676242E+00 -2.264031983816143E-03
  2.416666666666667E-01  1.672935438017597E+00  1.254956174676242E+00 -2.264031983816143E-03
  2.425000000000000E-01  1.679209471995238E+00  1.261230208653882E+00 -2.264031983816143E-03
  2.433333333333333E-01  1.679209471995238E+00  1.261230208653882E+00 -2.264031983816143E-03
  2.441666666666667E-01  1.679209471995238E+00  1.261230208653882E+00 -2.264031983816143E-03
  2.450000000000000E-01  1.679209471995238E+00  1.261230208653882E+00 -2.264031983816143E-03
  2.458333333333333E-01  1.685483505972896E+00  1.261230208653882E+00 -2.264031983816143E-03
  2.466666666666667E-01  1.685483505972896E+00  1.261230208653882E+00 -2.264031983816143E-03
  2.475000000000000E-01  1.685483505972896E+00  1.267504242631540E+00 -2.264031983816143E-03
  2.483333333333333E-01  1.685483505972896E+00  1.267504242631540E+00 -2.264031983816143E-03
  2.491666666666667E-01  1.685483505972896E+00  1.267504242631540E+00 -2.264031983816143E-03
  2.500000000000000E-01  1.685483505972896E+00  1.267504242631540E+00 -2.264031983816143E-03
