 X0/lambda deviation_CS_X deviation_CS_Y deviation_CS_Z
  8.333333333333334E-04  1.998768744108418E-01 -1.753906241388572E-01  1.231770054267732E+01
  1.666666666666667E-03  1.997019752070317E-01 -1.755427184523980E-01  1.231681999565252E+01
  2.500000000000000E-03  2.056845312917113E-01 -1.757961907999076E-01  1.231535248870706E+01
  3.333333333333334E-03  2.052765058773782E-01 -1.761510139208269E-01  1.231329812898616E+01
  4.166666666666667E-03  2.047519765723035E-01 -1.766071496541975E-01  1.231065706649581E+01
  5.000000000000000E-03  2.041109994656174E-01 -1.708905149649497E-01  1.230742949410554E+01
  5.833333333333334E-03  2.033536430992615E-01 -1.715491178595389E-01  1.230361564755191E+01
  6.666666666666667E-03  2.024799884613182E-01 -1.723088535260534E-01  1.229921580544278E+01
  7.500000000000000E-03  2.077641629555357E-01 -1.731696402521112E-01  1.229423028926235E+01
  8.333333333333333E-03  2.066582044813925E-01 -1.678573514778066E-01  1.228865946337701E+01
  9.166666666666667E-03  2.054362652895807E-01 -1.689199517158683E-01  1.228250373504190E+01
  1.000000000000000E-02  2.103725100372092E-01 -1.638092587184612E-01  1.227576355440826E+01
  1.083333333333333E-02  2.089190138419694E-01 -1.650732153102400E-01  1.226843941453160E+01
  1.166666666666667E-02  2.073499661336350E-01 -1.601636175797528E-01  1.226053185138053E+01
  1.250000000000000E-02  2.119395687058375E-01 -1.616283867144582E-01  1.225204144384638E+01
  1.333333333333333E-02  2.101399337662485E-01 -1.569192971946309E-01  1.224296881375368E+01
  1.416666666666667E-02  2.144993217623656E-01 -1.585842486305459E-01  1.223331462587120E+01
  1.500000000000000E-02  2.124698695410306E-01 -1.540749939583857E-01  1.222307958792390E+01
  1.583333333333333E-02  2.165998621493536E-01 -1.496653773021742E-01  1.221226445060552E+01
  1.666666666666667E-02  2.143414609917857E-01 -1.516292320599964E-01  1.220087000759195E+01
  1.750000000000000E-02  2.182429756286163E-01 -1.474182789916441E-01  1.218889709555533E+01
  1.833333333333333E-02  2.220306259082581E-01 -1.433063301060973E-01  1.217634659417882E+01
  1.916666666666667E-02  2.194306438749505E-01 -1.392931527734013E-01  1.216321942617219E+01
  2.000000000000000E-02  2.229913756752402E-01 -1.353785037262081E-01  1.214951655728802E+01
  2.083333333333333E-02  2.264390776643490E-01 -1.315621290844369E-01  1.213523899633861E+01
  2.166666666666667E-02  2.297740522877741E-01 -1.278437643813623E-01  1.212038779521370E+01
  2.250000000000000E-02  2.267225800959562E-01 -1.242231345904607E-01  1.210496404889874E+01
  2.333333333333333E-02  2.298330556233969E-01 -1.206999541535923E-01  1.208896889549388E+01
  2.416666666666667E-02  2.328317834902092E-01 -1.172739270100339E-01  1.207240351623370E+01
  2.500000000000000E-02  2.357191142790681E-01 -1.139447466268837E-01  1.205526913550748E+01
  2.583333333333333E-02  2.384954105223296E-01 -1.107120960301888E-01  1.203756702088029E+01
  2.666666666666667E-02  2.411610466661051E-01 -1.075756478374985E-01  1.201929848311451E+01
  2.750000000000000E-02  2.437164090326495E-01 -1.045350642911967E-01  1.200046487619220E+01
  2.833333333333333E-02  2.461618957818780E-01 -9.531596331547190E-02  1.198106759733790E+01
  2.916666666666667E-02  2.484979168716054E-01 -9.246605446237779E-02  1.196110808704218E+01
  3.000000000000000E-02  2.507248940164503E-01 -8.971093508280760E-02  1.194058782908571E+01
  3.083333333333333E-02  2.528432606458135E-01 -8.077619229687831E-02  1.191950835056397E+01
  3.166666666666667E-02  2.548534618603932E-01 -7.820950496592663E-02  1.189787122191247E+01
  3.250000000000000E-02  2.567559543877169E-01 -7.573643986626291E-02  1.187567805693260E+01
  3.333333333333333E-02  2.585512065363959E-01 -6.708255366298291E-02  1.185293051281793E+01
  3.416666666666666E-02  2.665137321268894E-01 -6.479549488500233E-02  1.182963029018115E+01
  3.500000000000000E-02  2.680959545328822E-01 -5.632676612430197E-02  1.180577913308148E+01
  3.583333333333334E-02  2.695724104977479E-01 -5.422399590125640E-02  1.178137882905249E+01
  3.666666666666667E-02  2.709436141738149E-01 -4.593866688838826E-02  1.175643120913058E+01
  3.750000000000000E-02  2.784841250258783E-01 -3.774435380005789E-02  1.173093814788380E+01
  3.833333333333333E-02  2.796464118679653E-01 -3.591462150662289E-02  1.170490156344111E+01
  3.916666666666667E-02  2.807050566753510E-01 -2.790092314959822E-02  1.167832341752215E+01
  4.000000000000000E-02  2.879346525964427E-01 -1.997680405668877E-02  1.164493168148974E+01
  4.083333333333333E-02  2.887877019638689E-01 -1.841579985906164E-02  1.161727647229092E+01
  4.166666666666666E-02  2.958128540804291E-01 -1.066933460958188E-02  1.158908584862212E+01
  4.250000000000000E-02  2.964626333396104E-01 -3.010924700865139E-03  1.156036194687077E+01
  4.333333333333333E-02  3.032857109871587E-01  4.559956992088578E-03  1.153110694716946E+01
  4.416666666666667E-02  3.037346332390005E-01  1.204384708000464E-02  1.150132307342762E+01
  4.500000000000000E-02  3.103580930407209E-01  1.316725762660972E-02  1.147101259336385E+01
  4.583333333333333E-02  3.168826921609580E-01  2.047881200288534E-02  1.144017781853814E+01
  4.666666666666667E-02  3.170350430602341E-01  2.770504096404973E-02  1.140882110438471E+01
  4.750000000000000E-02  3.233638707587686E-01  3.484651850205113E-02  1.137694485024468E+01
  4.833333333333333E-02  3.295958089041218E-01  4.190382780869353E-02  1.134455149939919E+01
  4.916666666666666E-02  3.294575016367469E-01  4.887756121560564E-02  1.131164353910253E+01
  5.000000000000000E-02  3.354977054544673E-01  5.576832013304274E-02  1.127822350061543E+01
  5.083333333333333E-02  3.414430852769342E-01  6.885074896564289E-02  1.124429395923838E+01
  5.166666666666667E-02  3.472943502854831E-01  7.557739913876010E-02  1.120985753434517E+01
  5.250000000000000E-02  3.530522198736606E-01  8.222293290029023E-02  1.117491688941621E+01
  5.333333333333334E-02  3.524433895967877E-01  8.878798734541067E-02  1.113947473207206E+01
  5.416666666666667E-02  3.580166670085004E-01  9.527320832820491E-02  1.110353381410678E+01
  5.500000000000000E-02  3.634987677199814E-01  1.016792503949429E-01  1.106709693152128E+01
  5.583333333333333E-02  3.688904512343518E-01  1.142808106940567E-01  1.103016692455644E+01
  5.666666666666666E-02  3.741924868919914E-01  1.205304929968223E-01  1.099274667772629E+01
  5.750000000000000E-02  3.794056537922940E-01  1.267030114938682E-01  1.095483911985072E+01
  5.833333333333333E-02  3.845307407145164E-01  1.390730887915335E-01  1.091644722408819E+01
  5.916666666666667E-02  3.895685460374586E-01  1.450933539077628E-01  1.087757400796803E+01
  6.000000000000000E-02  3.945198776582366E-01  1.510385460655943E-01  1.083822253342243E+01
  6.083333333333334E-02  3.993855529099257E-01  1.631834126871840E-01  1.079839590681818E+01
  6.166666666666667E-02  4.104404324559162E-01  1.689806073865870E-01  1.075809727898779E+01
  6.250000000000000E-02  4.151372842949770E-01  1.809789277386263E-01  1.071732984526043E+01
  6.333333333333334E-02  4.197509875417919E-01  1.866310433816954E-01  1.067609684549204E+01
  6.416666666666666E-02  4.242823964300594E-01  1.984857677623953E-01  1.063440156409517E+01
  6.500000000000000E-02  4.287323742027353E-01  2.039957862366884E-01  1.059224733006809E+01
  6.583333333333333E-02  4.393758270014976E-01  2.157099278127938E-01  1.054963751702313E+01
  6.666666666666667E-02  4.436655678666959E-01  2.210808932506924E-01  1.050657554321453E+01
  6.750000000000000E-02  4.478765205131640E-01  2.326575268032801E-01  1.045679083758773E+01
  6.833333333333333E-02  4.582836173058631E-01  2.441665782918827E-01  1.041283497571601E+01
  6.916666666666667E-02  4.623396972349333E-01  2.493348049574303E-01  1.036843747595992E+01
  7.000000000000001E-02  4.663197096883190E-01  2.607110733108535E-01  1.032360193540207E+01
  7.083333333333333E-02  4.764986124248555E-01  2.657481212061893E-01  1.027833199589283E+01
  7.166666666666667E-02  4.803292695463003E-01  2.769948295775290E-01  1.023263134407241E+01
  7.250000000000000E-02  4.903606892449304E-01  2.881779845105861E-01  1.018650371139194E+01
  7.333333333333333E-02  4.940457518854643E-01  2.992984130673975E-01  1.013995287413323E+01
  7.416666666666667E-02  5.039334817286328E-01  3.040829152445733E-01  1.009298265342731E+01
  7.500000000000000E-02  5.074767750112475E-01  3.150803997964595E-01  1.004559691527151E+01
  7.583333333333334E-02  5.172246716678632E-01  3.260176802812900E-01  9.997799570545224E+00
  7.666666666666666E-02  5.206300834091793E-01  3.368956108827371E-01  9.949594575024033E+00
  7.750000000000000E-02  5.302420654419601E-01  3.477150523428558E-01  9.900985929392299E+00
  7.833333333333334E-02  5.397875785231684E-01  3.522028378938778E-01  9.851977679254052E+00
  7.916666666666666E-02  5.429935907901653E-01  3.629079090779294E-01  9.802573915142146E+00
  8.000000000000000E-02  5.524091795895038E-01  3.735571117890872E-01  9.752778772525469E+00
  8.083333333333333E-02  5.617613275064595E-01  3.841513320917062E-01  9.702596431814346E+00
  8.166666666666667E-02  5.647770241924150E-01  3.946914621493052E-01  9.652031118363784E+00
  8.250000000000000E-02  5.740053681914109E-01  4.051784001307597E-01  9.601087102474695E+00
  8.333333333333333E-02  5.831733629671011E-01  4.156130501155859E-01  9.549768699392800E+00
  8.416666666666667E-02  5.922820527053141E-01  4.259963219986880E-01  9.498080269305305E+00
  8.500000000000001E-02  5.950584542499747E-01  4.363291313943459E-01  9.446026217335092E+00
  8.583333333333333E-02  6.040516929041647E-01  4.466123995394610E-01  9.393610993532366E+00
  8.666666666666667E-02  6.129887984538726E-01  4.568470531964703E-01  9.340839092863790E+00
  8.749999999999999E-02  6.218708409674412E-01  4.670340245550721E-01  9.287715055198721E+00
  8.833333333333333E-02  6.306988967060929E-01  4.771742511339540E-01  9.234243465292712E+00
  8.916666666666667E-02  6.394740480112968E-01  4.872686756812784E-01  9.180428952767985E+00
  9.000000000000000E-02  6.481973831913580E-01  4.973182460749641E-01  9.126276192090844E+00
  9.083333333333334E-02  6.568699964075081E-01  5.073239152222463E-01  9.071789902545884E+00
  9.166666666666666E-02  6.654929875588822E-01  5.172866409585679E-01  9.010700814229219E+00
  9.250000000000000E-02  6.740674621672001E-01  5.272073859459542E-01  8.955561803926482E+00
  9.333333333333334E-02  6.825945312604660E-01  5.370871175706812E-01  8.900103691210825E+00
  9.416666666666666E-02  6.910753112561855E-01  5.469268078405938E-01  8.844331374313557E+00
  9.500000000000000E-02  6.995109238437131E-01  5.567274332817560E-01  8.788249796102882E+00
  9.583333333333334E-02  7.079024958660237E-01  5.664899748343045E-01  8.731863944036077E+00
  9.666666666666666E-02  7.162511592010040E-01  5.762154177483209E-01  8.675178850107780E+00
  9.750000000000000E-02  7.245580506417235E-01  5.859047514785183E-01  8.618199590793756E+00
  9.833333333333333E-02  7.328243117764841E-01  5.955589695789089E-01  8.560931286990462E+00
  9.916666666666667E-02  7.473251228456016E-01  6.114531035744271E-01  8.503379103949936E+00
  1.000000000000000E-01  7.555135667094670E-01  6.210400869437388E-01  8.445548251209924E+00
  1.008333333333333E-01  7.636648325924372E-01  6.305949588780840E-01  8.387443982519246E+00
  1.016666666666667E-01  7.717800800498020E-01  6.401187282633266E-01  8.329071595758014E+00
  1.025000000000000E-01  7.798604728221954E-01  6.496124075495017E-01  8.270436432852687E+00
  1.033333333333333E-01  7.941812126896154E-01  6.590770126423897E-01  8.211543879685744E+00
  1.041666666666667E-01  8.021954034365967E-01  6.685135627947753E-01  8.152399365999869E+00
  1.050000000000000E-01  8.101782545933567E-01  6.841971144746782E-01  8.093008365296267E+00
  1.058333333333333E-01  8.181309453998004E-01  6.935806253449966E-01  8.033376394727302E+00
  1.066666666666667E-01  8.323286926351985E-01  7.029391580193277E-01  7.973509014982882E+00
  1.075000000000000E-01  8.402246145810434E-01  7.122737440407941E-01  7.913411830170656E+00
  1.083333333333333E-01  8.480939347603619E-01  7.215854177487014E-01  7.853090487689751E+00
  1.091666666666667E-01  8.622118798773950E-01  7.308752161673141E-01  7.792550678097921E+00
  1.100000000000000E-01  8.700315777568902E-01  7.464182128716415E-01  7.731798134971752E+00
  1.108333333333333E-01  8.778282610818945E-01  7.556673819649306E-01  7.670838634759972E+00
  1.116666666666667E-01  8.918771653320819E-01  7.648978018320788E-01  7.609677996629432E+00
  1.125000000000000E-01  8.996314267218234E-01  7.741105191163854E-01  7.548322082303646E+00
  1.133333333333333E-01  9.136403199142290E-01  7.833065825839850E-01  7.486776795893793E+00
  1.141666666666667E-01  9.213569860701091E-01  7.924870430106046E-01  7.425048083721747E+00
  1.150000000000000E-01  9.353307045389911E-01  8.079269870454775E-01  7.363141934135076E+00
  1.158333333333333E-01  9.430146209070601E-01  8.170794011867619E-01  7.301064377313779E+00
  1.166666666666667E-01  9.506839847100731E-01  8.262193755332663E-01  7.238821485068475E+00
  1.175000000000000E-01  9.646140473687588E-01  8.353479677592571E-01  7.176419370629888E+00
  1.183333333333333E-01  9.722579601244227E-01  8.444662369774086E-01  7.107590154451671E+00
  1.191666666666667E-01  9.861650117504521E-01  8.535752436237629E-01  7.044888099892335E+00
  1.200000000000000E-01  9.937883565987014E-01  8.689500833201438E-01  6.982045409111216E+00
  1.208333333333333E-01  1.007677286288359E+00  8.780437508481853E-01  6.919068358731294E+00
  1.216666666666667E-01  1.021558991729360E+00  8.871313438994264E-01  6.855963265603867E+00
  1.225000000000000E-01  1.029160664922278E+00  8.962139270490443E-01  6.792736486540639E+00
  1.233333333333333E-01  1.043031600757859E+00  9.052925656173406E-01  6.729394418035555E+00
  1.241666666666667E-01  1.050624959039935E+00  9.143683255535713E-01  6.665943495975825E+00
  1.250000000000000E-01  1.064490036172756E+00  9.234422733197379E-01  6.602390195342224E+00
  1.258333333333333E-01  1.072079993205758E+00  9.387895097515014E-01  6.538741029898067E+00
  1.266666666666667E-01  1.085944127520584E+00  9.478630340311912E-01  6.475002551866882E+00
  1.275000000000000E-01  1.093535600875369E+00  9.569379474368258E-01  6.411181351598436E+00
  1.283333333333333E-01  1.107403711091465E+00  9.660153173147520E-01  6.347284057222671E+00
  1.291666666666667E-01  1.121275654075181E+00  9.750962109402612E-01  6.283317334291686E+00
  1.300000000000000E-01  1.128878625615801E+00  9.841816954007520E-01  6.219287885409044E+00
  1.308333333333333E-01  1.142761923183570E+00  9.932728374784465E-01  6.155202449846436E+00
  1.316666666666667E-01  1.150378707951210E+00  1.002370703533387E+00  6.091067803147403E+00
  1.325000000000000E-01  1.164278276479681E+00  1.011476359386262E+00  6.026890756717696E+00
  1.333333333333333E-01  1.178187822739665E+00  1.020590870201090E+00  5.962678157402181E+00
  1.341666666666667E-01  1.185834539909044E+00  1.029715300368194E+00  5.898436887047832E+00
  1.350000000000000E-01  1.199767722170533E+00  1.045124747364482E+00  5.834173862052743E+00
  1.358333333333333E-01  1.213714560710415E+00  1.054272205725647E+00  5.769896032900753E+00
  1.366666666666667E-01  1.221402245516130E+00  1.063432770795055E+00  5.705610383681361E+00
  1.375000000000000E-01  1.235380067173742E+00  1.072607502695790E+00  5.641323931594844E+00
  1.383333333333333E-01  1.249375212866711E+00  1.081797460191273E+00  5.577043726442105E+00
  1.391666666666667E-01  1.257114868173518E+00  1.091003700568402E+00  5.512776850099103E+00
  1.400000000000000E-01  1.271148318865280E+00  1.100227279520330E+00  5.448530415975513E+00
  1.408333333333333E-01  1.278928712926957E+00  1.109469251029882E+00  5.384311568457434E+00
  1.416666666666667E-01  1.293005332243384E+00  1.112456633274893E+00  5.320127482333739E+00
  1.425000000000000E-01  1.307105354620702E+00  1.121738544422412E+00  5.255985362205940E+00
  1.433333333333333E-01  1.314955955584301E+00  1.131041998646099E+00  5.191892441881182E+00
  1.441666666666667E-01  1.329106410176932E+00  1.140368041920611E+00  5.127855983748149E+00
  1.450000000000000E-01  1.343283888958129E+00  1.149717717927629E+00  5.063883278135659E+00
  1.458333333333333E-01  1.351215559802633E+00  1.159092067939958E+00  4.999981642653561E+00
  1.466666666666667E-01  1.365450689698911E+00  1.168492130705568E+00  4.936158421515822E+00
  1.475000000000000E-01  1.373442406771514E+00  1.177918942331972E+00  4.872420984845425E+00
  1.483333333333333E-01  1.387739971968237E+00  1.187373536170838E+00  4.808776727960914E+00
  1.491666666666667E-01  1.402070541082833E+00  1.196856942702701E+00  4.745233070644266E+00
  1.500000000000000E-01  1.410161266554415E+00  1.200096155444440E+00  4.681797456389894E+00
  1.508333333333333E-01  1.424561399267165E+00  1.209640266745029E+00  4.618477351634524E+00
  1.516666666666667E-01  1.438998084551437E+00  1.219216263805291E+00  4.555280244967735E+00
  1.525000000000000E-01  1.447198463983966E+00  1.228825164474193E+00  4.492213646322855E+00
  1.533333333333333E-01  1.461711777188365E+00  1.238467983157538E+00  4.429285086148109E+00
  1.541666666666667E-01  1.469991123859505E+00  1.241871696726415E+00  4.366502114557716E+00
  1.550000000000000E-01  1.484585735452972E+00  1.251585380314846E+00  4.303872300462755E+00
  1.558333333333333E-01  1.492948703232361E+00  1.261336003340761E+00  4.241403230681599E+00
  1.566666666666667E-01  1.507629249959535E+00  1.264850531326432E+00  4.179102509029724E+00
  1.575000000000000E-01  1.516080457942507E+00  1.274678027719242E+00  4.116977755388730E+00
  1.583333333333333E-01  1.530851540726683E+00  1.284545449913811E+00  4.055036604754353E+00
  1.591666666666667E-01  1.545669605121125E+00  1.288179751073665E+00  3.993286706263314E+00
  1.600000000000000E-01  1.554261753002280E+00  1.298129981952995E+00  3.931735722198947E+00
  1.608333333333333E-01  1.569177183117716E+00  1.308123086920089E+00  3.870391326975297E+00
  1.616666666666667E-01  1.577868953114249E+00  1.311886005780179E+00  3.809261206099675E+00
  1.625000000000000E-01  1.592886251230917E+00  1.321967775598544E+00  3.742079021135873E+00
  1.633333333333333E-01  1.601682124350261E+00  1.325821292747638E+00  3.681400544533846E+00
  1.641666666666667E-01  1.610531715714850E+00  1.335995584619437E+00  3.620959454660927E+00
  1.650000000000000E-01  1.625710162867662E+00  1.346217571673473E+00  3.560763470587644E+00
  1.658333333333333E-01  1.634670495593293E+00  1.350214169262053E+00  3.500820316963201E+00
  1.666666666666667E-01  1.649961873635919E+00  1.360534389455563E+00  3.441137722846510E+00
  1.675000000000000E-01  1.659037314753356E+00  1.364631103092365E+00  3.381723420515111E+00
  1.683333333333333E-01  1.674445966413914E+00  1.368779277515830E+00  3.322585144251928E+00
  1.691666666666667E-01  1.683640833851431E+00  1.379253874535624E+00  3.263730629109872E+00
  1.700000000000000E-01  1.692897017785953E+00  1.383507748389657E+00  3.205167609654301E+00
  1.708333333333333E-01  1.708489612368231E+00  1.394089883482902E+00  3.146903818683386E+00
  1.716666666666667E-01  1.717871603124996E+00  1.398453122462125E+00  3.088946985926391E+00
  1.725000000000000E-01  1.727318070703922E+00  1.402872403956111E+00  3.031304836719983E+00
  1.733333333333333E-01  1.736830054842378E+00  1.413622660539670E+00  2.973985090662620E+00
  1.741666666666667E-01  1.752682622203159E+00  1.418156716698685E+00  2.916995460247194E+00
  1.750000000000000E-01  1.762328730344907E+00  1.422749492594247E+00  2.860343649471954E+00
  1.758333333333333E-01  1.772043431469645E+00  1.433675902028932E+00  2.804037352429938E+00
  1.766666666666667E-01  1.781827736394714E+00  1.438388750413469E+00  2.748084251877103E+00
  1.775000000000000E-01  1.797956682391309E+00  1.443162938533088E+00  2.692492017779246E+00
  1.783333333333333E-01  1.807883197157911E+00  1.447999326538076E+00  2.637268305838053E+00
  1.791666666666667E-01  1.817882302570996E+00  1.452898767823199E+00  2.582420755996456E+00
  1.800000000000000E-01  1.827954978660010E+00  1.464136142907827E+00  2.527956990923546E+00
  1.808333333333333E-01  1.838102197471520E+00  1.469164223428625E+00  2.473884614479394E+00
  1.816666666666667E-01  1.848324922956514E+00  1.474257875909413E+00  2.420211210160042E+00
  1.825000000000000E-01  1.858624110858448E+00  1.479417925755354E+00  2.366944339523033E+00
  1.833333333333333E-01  1.869000708602396E+00  1.484645191136049E+00  2.314091540593817E+00
  1.841666666666667E-01  1.879455655184790E+00  1.489940482891815E+00  2.261660326253478E+00
  1.850000000000000E-01  1.889989881064342E+00  1.495304604440756E+00  2.209658182608151E+00
  1.858333333333333E-01  1.900604308053696E+00  1.500738351686710E+00  2.158092567340577E+00
  1.866666666666667E-01  1.911299849212036E+00  1.506242512927759E+00  2.106970908044319E+00
  1.875000000000000E-01  1.922077408738755E+00  1.511817868765870E+00  2.056300600541080E+00
  1.883333333333333E-01  1.932937881867844E+00  1.517465192017195E+00  2.006089007181681E+00
  1.891666666666667E-01  1.943882154763636E+00  1.523185247623197E+00  1.956343455131272E+00
  1.900000000000000E-01  1.954911104417047E+00  1.528978792562807E+00  1.907071234639305E+00
  1.908333333333333E-01  1.959751564565607E+00  1.534846575765211E+00  1.858279597294945E+00
  1.916666666666667E-01  1.970952461502466E+00  1.540789338023696E+00  1.809975754268529E+00
  1.925000000000000E-01  1.982240610110170E+00  1.540533777932761E+00  1.762166874539736E+00
  1.933333333333333E-01  1.993616849671707E+00  1.546628687714229E+00  1.714860083113164E+00
  1.941666666666667E-01  1.998807975816936E+00  1.552800749267840E+00  1.668062459222080E+00
  1.950000000000000E-01  2.010362876335872E+00  1.559050669999347E+00  1.621781034521064E+00
  1.958333333333333E-01  2.022008327216576E+00  1.559105114783582E+00  1.576022791268303E+00
  1.966666666666667E-01  2.027471094483082E+00  1.565512841794307E+00  1.530794660498426E+00
  1.975000000000000E-01  2.039300036034213E+00  1.572000498558685E+00  1.486103520186618E+00
  1.983333333333333E-01  2.044947863707385E+00  1.572294723811492E+00  1.441956193404989E+00
  1.991666666666667E-01  2.056963415007866E+00  1.578944249350166E+00  1.398359446471964E+00
  2.000000000000000E-01  2.062799381197051E+00  1.585675696092293E+00  1.355319987095750E+00
  2.008333333333333E-01  2.075004579024377E+00  1.586215675932622E+00  1.312844462512724E+00
  2.016666666666667E-01  2.081031678817720E+00  1.593112893601429E+00  1.270939457621738E+00
  2.025000000000000E-01  2.087155442240008E+00  1.593819908747103E+00  1.229611493115366E+00
  2.033333333333333E-01  2.099650620270359E+00  1.600885407684570E+00  1.188867023609122E+00
  2.041666666666667E-01  2.105969851186532E+00  1.601761931502593E+00  1.148712435769597E+00
  2.050000000000000E-01  2.112387864347477E+00  1.608998147814267E+00  1.109154046442741E+00
  2.058333333333333E-01  2.118905344200367E+00  1.610046578866232E+00  1.070198100783227E+00
  2.066666666666667E-01  2.131796998155203E+00  1.617455873291367E+00  1.031850770386124E+00
  2.075000000000000E-01  2.138515420594418E+00  1.618678534220286E+00  9.941181514219658E-01
  2.083333333333333E-01  2.145335296660440E+00  1.619989157058394E+00  9.570062627763039E-01
  2.091666666666667E-01  2.152257266267992E+00  1.627662327487915E+00  9.205210441951074E-01
  2.100000000000000E-01  2.159281958005827E+00  1.629150519470605E+00  8.846683544369340E-01
  2.108333333333333E-01  2.166409989062393E+00  1.630728299050800E+00  8.494539694333298E-01
  2.116666666666667E-01  2.173641965152499E+00  1.632396188382863E+00  8.148835804584904E-01
  2.125000000000000E-01  2.180978480445536E+00  1.640428733625709E+00  7.809627923095412E-01
  2.133333333333333E-01  2.188420117494941E+00  1.642278368972640E+00  7.476971214986183E-01
  2.141666666666667E-01  2.195967447168887E+00  1.644219620458802E+00  7.150919944580217E-01
  2.150000000000000E-01  2.203621028582721E+00  1.646252969993100E+00  6.831527457597184E-01
  2.158333333333333E-01  2.205107375054578E+00  1.648378889279988E+00  6.518846163504738E-01
  2.166666666666667E-01  2.212975089951141E+00  1.650597839764186E+00  6.212927518038805E-01
  2.175000000000000E-01  2.220950662757918E+00  1.652910272577131E+00  5.913822005906060E-01
  2.183333333333333E-01  2.229034604927530E+00  1.655316628484194E+00  5.621579123680883E-01
  2.191666666666667E-01  2.230953381863640E+00  1.657817337833335E+00  5.336247362910402E-01
  2.200000000000000E-01  2.239255548771964E+00  1.660412820504928E+00  5.057874193440477E-01
  2.208333333333333E-01  2.241393512758704E+00  1.663103485862614E+00  4.786506046974949E-01
  2.216666666666667E-01  2.249915804595179E+00  1.665889732705710E+00  4.522188300882014E-01
  2.225000000000000E-01  2.252274806841377E+00  1.668771949222378E+00  4.264965262259847E-01
  2.233333333333333E-01  2.261019025613419E+00  1.671750512944506E+00  4.014880152274403E-01
  2.241666666666667E-01  2.263600818710190E+00  1.674825790703464E+00  3.771975090782647E-01
  2.250000000000000E-01  2.266294633405847E+00  1.677998138587267E+00  3.536291081253155E-01
  2.258333333333333E-01  2.275374904467840E+00  1.681267901898957E+00  3.307867995996688E-01
  2.266666666666667E-01  2.278293952175796E+00  1.678361381138542E+00  3.086744561719676E-01
  2.275000000000000E-01  2.281326186141228E+00  1.681826967874495E+00  2.872958345412070E-01
  2.283333333333333E-01  2.284471969352022E+00  1.685390940840003E+00  2.666545740581915E-01
  2.291666666666667E-01  2.294005686084199E+00  1.689053601806976E+00  2.467541953848760E-01
  2.300000000000000E-01  2.297379605949664E+00  1.686541207595376E+00  2.275980991907069E-01
  2.308333333333333E-01  2.300868087721617E+00  1.690402105949850E+00  2.091895648870994E-01
  2.316666666666667E-01  2.304471443385012E+00  1.688088497663386E+00  1.915317494012219E-01
  2.325000000000000E-01  2.308189972077012E+00  1.692148708367062E+00  1.746276859901203E-01
  2.333333333333333E-01  2.312023960051171E+00  1.696308950656216E+00  1.584802830962621E-01
  2.341666666666667E-01  2.309699646665443E+00  1.694295425994724E+00  1.430923232455420E-01
  2.350000000000000E-01  2.313765360260081E+00  1.698656426620126E+00  1.284664619887084E-01
  2.358333333333333E-01  2.317947314260650E+00  1.696844097673931E+00  1.146052268872248E-01
  2.366666666666667E-01  2.322245743058808E+00  1.701406708997816E+00  1.015110165444502E-01
  2.375000000000000E-01  2.326660868006750E+00  1.699796383288786E+00  8.918609968307109E-02
  2.383333333333333E-01  2.324918863412920E+00  1.698287333920298E+00  7.763261426961283E-02
  2.391666666666667E-01  2.329567992427672E+00  1.703153762988323E+00  6.685256668684614E-02
  2.400000000000000E-01  2.328060369176410E+00  1.701847759358756E+00  5.684783095485760E-02
  2.408333333333333E-01  2.332944230558837E+00  1.700643502514757E+00  4.762014800157165E-02
  2.416666666666667E-01  2.331671664407555E+00  1.705815160606923E+00  3.917112498333065E-02
  2.425000000000000E-01  2.336790881290578E+00  1.704814788504448E+00  3.150223465620505E-02
  2.433333333333333E-01  2.335753942673037E+00  1.703916531646677E+00  2.461481479866771E-02
  2.441666666666667E-01  2.341109032722851E+00  1.703120490119431E+00  1.851006768615174E-02
  2.450000000000000E-01  2.340308186475595E+00  1.708700786598612E+00  1.318905961796385E-02
  2.458333333333333E-01  2.339625527665662E+00  1.708109430429083E+00  8.652720497081597E-03
  2.466666666666667E-01  2.339061132804937E+00  1.707620521481598E+00  4.901843463167769E-03
  2.475000000000000E-01  2.344889099128888E+00  1.707234114234418E+00  1.937084579181934E-03
  2.483333333333333E-01  2.344561408678407E+00  1.706950251744582E+00 -2.410374280867105E-04
  2.491666666666667E-01  2.344352132159706E+00  1.706768965642867E+00 -1.632141373352083E-03
  2.500000000000000E-01  2.344261293029216E+00  1.706690276130042E+00 -2.235983763811861E-03
